(10, 10):(-150, -150)
(11, 10):(-120, -150)
(12, 10):(-90, -150)
(13, 10):(-60, -150)
(14, 10):(-30, -150)
(15, 10):(0, -150)
(16, 10):(30, -150)
(17, 10):(60, -150)
(10, 11):(-150, -120)
(11, 11):(-120, -120)
(12, 11):(-90, -120)
(13, 11):(-60, -120)
(14, 11):(-30, -120)
(15, 11):(0, -120)
(16, 11):(30, -120)
(17, 11):(60, -120)
(18, 11):(90, -120)
(10, 12):(-150, -90)
(11, 12):(-120, -90)
(12, 12):(-90, -90)
(13, 12):(-60, -90)
(14, 12):(-30, -90)
(15, 12):(0, -90)
(16, 12):(30, -90)
(17, 12):(60, -90)
(18, 12):(90, -90)
(19, 12):(120, -90)
(10, 13):(-150, -60)
(11, 13):(-120, -60)
(12, 13):(-90, -60)
(13, 13):(-60, -60)
(14, 13):(-30, -60)
(15, 13):(0, -60)
(16, 13):(30, -60)
(17, 13):(60, -60)
(18, 13):(90, -60)
(19, 13):(120, -60)
(10, 14):(-150, -30)
(11, 14):(-120, -30)
(12, 14):(-90, -30)
(13, 14):(-60, -30)
(14, 14):(-30, -30)
(15, 14):(0, -30)
(16, 14):(30, -30)
(17, 14):(60, -30)
(18, 14):(90, -30)
(19, 14):(120, -30)
(10, 15):(-150, 0)
(11, 15):(-120, 0)
(12, 15):(-90, 0)
(13, 15):(-60, 0)
(14, 15):(-30, 0)
(15, 15):(0, 0)
(16, 15):(30, 0)
(17, 15):(60, 0)
(18, 15):(90, 0)
(19, 15):(120, 0)
(20, 15):(150, 0)
(10, 16):(-150, 30)
(11, 16):(-120, 30)
(12, 16):(-90, 30)
(13, 16):(-60, 30)
(14, 16):(-30, 30)
(15, 16):(0, 30)
(16, 16):(30, 30)
(17, 16):(60, 30)
(18, 16):(90, 30)
(19, 16):(120, 30)
(10, 17):(-150, 60)
(11, 17):(-120, 60)
(12, 17):(-90, 60)
(13, 17):(-60, 60)
(14, 17):(-30, 60)
(15, 17):(0, 60)
(16, 17):(30, 60)
(17, 17):(60, 60)
(18, 17):(90, 60)
(19, 17):(120, 60)
(11, 18):(-120, 90)
(12, 18):(-90, 90)
(13, 18):(-60, 90)
(14, 18):(-30, 90)
(15, 18):(0, 90)
(16, 18):(30, 90)
(17, 18):(60, 90)
(18, 18):(90, 90)
(19, 18):(120, 90)
(12, 19):(-90, 120)
(13, 19):(-60, 120)
(14, 19):(-30, 120)
(15, 19):(0, 120)
(16, 19):(30, 120)
(17, 19):(60, 120)
(18, 19):(90, 120)
(15, 20):(0, 150)
