(0,0):(-60.0,-82.0)
(-1,0):(-62.0,-82.0)
(-2,0):(-64.0,-82.0)
(-3,0):(-66.0,-82.0)
(-4,0):(-68.0,-82.0)
(-5,0):(-70.0,-82.0)
(-6,0):(-72.0,-82.0)
(-7,0):(-74.0,-82.0)
(-8,0):(-76.0,-82.0)
(-9,0):(-78.0,-82.0)
(-10,0):(-80.0,-82.0)
(-11,0):(-82.0,-82.0)
(-12,0):(-84.0,-82.0)
(-13,0):(-86.0,-82.0)
(-14,0):(-88.0,-82.0)
(-15,0):(-90.0,-82.0)
(-16,0):(-92.0,-82.0)
(-17,0):(-94.0,-82.0)
(-18,0):(-96.0,-82.0)
(-19,0):(-98.0,-82.0)
(-20,0):(-100.0,-82.0)
(-21,0):(-102.0,-82.0)
(-22,0):(-104.0,-82.0)
(-23,0):(-106.0,-82.0)
(-24,0):(-108.0,-82.0)
(-25,0):(-110.0,-82.0)
(-26,0):(-112.0,-82.0)
(-27,0):(-114.0,-82.0)
(-28,0):(-116.0,-82.0)
(-29,0):(-118.0,-82.0)
(-30,0):(-120.0,-82.0)
(-31,0):(-122.0,-82.0)
(-32,0):(-124.0,-82.0)
(-33,0):(-126.0,-82.0)
(-34,0):(-128.0,-82.0)
(-34,1):(-128.0,-80.0)
(-35,1):(-130.0,-80.0)
(-35,2):(-130.0,-78.0)
(-34,2):(-128.0,-78.0)
(-33,2):(-126.0,-78.0)
(-32,2):(-124.0,-78.0)
(-31,2):(-122.0,-78.0)
(-30,2):(-120.0,-78.0)
(-29,2):(-118.0,-78.0)
(-28,2):(-116.0,-78.0)
(-27,2):(-114.0,-78.0)
(-26,2):(-112.0,-78.0)
(-25,2):(-110.0,-78.0)
(-24,2):(-108.0,-78.0)
(-23,2):(-106.0,-78.0)
(-22,2):(-104.0,-78.0)
(-21,2):(-102.0,-78.0)
(-20,2):(-100.0,-78.0)
(-19,2):(-98.0,-78.0)
(-18,2):(-96.0,-78.0)
(-17,2):(-94.0,-78.0)
(-16,2):(-92.0,-78.0)
(-15,2):(-90.0,-78.0)
(-14,2):(-88.0,-78.0)
(-13,2):(-86.0,-78.0)
(-12,2):(-84.0,-78.0)
(-11,2):(-82.0,-78.0)
(-10,2):(-80.0,-78.0)
(-9,2):(-78.0,-78.0)
(-8,2):(-76.0,-78.0)
(-7,2):(-74.0,-78.0)
(-6,2):(-72.0,-78.0)
(-5,2):(-70.0,-78.0)
(-4,2):(-68.0,-78.0)
(-3,2):(-66.0,-78.0)
(-2,2):(-64.0,-78.0)
(-1,2):(-62.0,-78.0)
(0,2):(-60.0,-78.0)
(1,2):(-58.0,-78.0)
(2,2):(-56.0,-78.0)
(3,2):(-54.0,-78.0)
(4,2):(-52.0,-78.0)
(5,2):(-50.0,-78.0)
(6,2):(-48.0,-78.0)
(7,2):(-46.0,-78.0)
(8,2):(-44.0,-78.0)
(9,2):(-42.0,-78.0)
(10,2):(-40.0,-78.0)
(11,2):(-38.0,-78.0)
(12,2):(-36.0,-78.0)
(13,2):(-34.0,-78.0)
(14,2):(-32.0,-78.0)
(15,2):(-30.0,-78.0)
(16,2):(-28.0,-78.0)
(17,2):(-26.0,-78.0)
(18,2):(-24.0,-78.0)
(19,2):(-22.0,-78.0)
(20,2):(-20.0,-78.0)
(21,2):(-18.0,-78.0)
(22,2):(-16.0,-78.0)
(23,2):(-14.0,-78.0)
(24,2):(-12.0,-78.0)
(25,2):(-10.0,-78.0)
(26,2):(-8.0,-78.0)
(27,2):(-6.0,-78.0)
(28,2):(-4.0,-78.0)
(29,2):(-2.0,-78.0)
(30,2):(0.0,-78.0)
(31,2):(2.0,-78.0)
(32,2):(4.0,-78.0)
(33,2):(6.0,-78.0)
(34,2):(8.0,-78.0)
(35,2):(10.0,-78.0)
(36,2):(12.0,-78.0)
(37,2):(14.0,-78.0)
(38,2):(16.0,-78.0)
(39,2):(18.0,-78.0)
(40,2):(20.0,-78.0)
(41,2):(22.0,-78.0)
(42,2):(24.0,-78.0)
(43,2):(26.0,-78.0)
(44,2):(28.0,-78.0)
(45,2):(30.0,-78.0)
(46,2):(32.0,-78.0)
(47,2):(34.0,-78.0)
(48,2):(36.0,-78.0)
(49,2):(38.0,-78.0)
(50,2):(40.0,-78.0)
(51,2):(42.0,-78.0)
(52,2):(44.0,-78.0)
(53,2):(46.0,-78.0)
(54,2):(48.0,-78.0)
(55,2):(50.0,-78.0)
(56,2):(52.0,-78.0)
(57,2):(54.0,-78.0)
(58,2):(56.0,-78.0)
(59,2):(58.0,-78.0)
(60,2):(60.0,-78.0)
(61,2):(62.0,-78.0)
(62,2):(64.0,-78.0)
(63,2):(66.0,-78.0)
(64,2):(68.0,-78.0)
(65,2):(70.0,-78.0)
(66,2):(72.0,-78.0)
(67,2):(74.0,-78.0)
(68,2):(76.0,-78.0)
(69,2):(78.0,-78.0)
(70,2):(80.0,-78.0)
(71,2):(82.0,-78.0)
(72,2):(84.0,-78.0)
(73,2):(86.0,-78.0)
(74,2):(88.0,-78.0)
(75,2):(90.0,-78.0)
(76,2):(92.0,-78.0)
(77,2):(94.0,-78.0)
(78,2):(96.0,-78.0)
(79,2):(98.0,-78.0)
(80,2):(100.0,-78.0)
(81,2):(102.0,-78.0)
(82,2):(104.0,-78.0)
(83,2):(106.0,-78.0)
(84,2):(108.0,-78.0)
(85,2):(110.0,-78.0)
(86,2):(112.0,-78.0)
(87,2):(114.0,-78.0)
(88,2):(116.0,-78.0)
(89,2):(118.0,-78.0)
(90,2):(120.0,-78.0)
(91,2):(122.0,-78.0)
(92,2):(124.0,-78.0)
(93,2):(126.0,-78.0)
(94,2):(128.0,-78.0)
(94,1):(128.0,-80.0)
(93,1):(126.0,-80.0)
(92,1):(124.0,-80.0)
(91,1):(122.0,-80.0)
(90,1):(120.0,-80.0)
(89,1):(118.0,-80.0)
(88,1):(116.0,-80.0)
(87,1):(114.0,-80.0)
(86,1):(112.0,-80.0)
(85,1):(110.0,-80.0)
(84,1):(108.0,-80.0)
(83,1):(106.0,-80.0)
(82,1):(104.0,-80.0)
(81,1):(102.0,-80.0)
(80,1):(100.0,-80.0)
(79,1):(98.0,-80.0)
(78,1):(96.0,-80.0)
(77,1):(94.0,-80.0)
(76,1):(92.0,-80.0)
(75,1):(90.0,-80.0)
(74,1):(88.0,-80.0)
(73,1):(86.0,-80.0)
(72,1):(84.0,-80.0)
(71,1):(82.0,-80.0)
(70,1):(80.0,-80.0)
(69,1):(78.0,-80.0)
(68,1):(76.0,-80.0)
(67,1):(74.0,-80.0)
(66,1):(72.0,-80.0)
(65,1):(70.0,-80.0)
(64,1):(68.0,-80.0)
(63,1):(66.0,-80.0)
(62,1):(64.0,-80.0)
(61,1):(62.0,-80.0)
(60,1):(60.0,-80.0)
(59,1):(58.0,-80.0)
(58,1):(56.0,-80.0)
(57,1):(54.0,-80.0)
(56,1):(52.0,-80.0)
(55,1):(50.0,-80.0)
(54,1):(48.0,-80.0)
(53,1):(46.0,-80.0)
(52,1):(44.0,-80.0)
(51,1):(42.0,-80.0)
(50,1):(40.0,-80.0)
(49,1):(38.0,-80.0)
(48,1):(36.0,-80.0)
(47,1):(34.0,-80.0)
(46,1):(32.0,-80.0)
(45,1):(30.0,-80.0)
(44,1):(28.0,-80.0)
(43,1):(26.0,-80.0)
(42,1):(24.0,-80.0)
(41,1):(22.0,-80.0)
(40,1):(20.0,-80.0)
(39,1):(18.0,-80.0)
(38,1):(16.0,-80.0)
(37,1):(14.0,-80.0)
(36,1):(12.0,-80.0)
(35,1):(10.0,-80.0)
(34,1):(8.0,-80.0)
(33,1):(6.0,-80.0)
(32,1):(4.0,-80.0)
(31,1):(2.0,-80.0)
(30,1):(0.0,-80.0)
(29,1):(-2.0,-80.0)
(28,1):(-4.0,-80.0)
(27,1):(-6.0,-80.0)
(26,1):(-8.0,-80.0)
(25,1):(-10.0,-80.0)
(24,1):(-12.0,-80.0)
(23,1):(-14.0,-80.0)
(22,1):(-16.0,-80.0)
(21,1):(-18.0,-80.0)
(20,1):(-20.0,-80.0)
(19,1):(-22.0,-80.0)
(18,1):(-24.0,-80.0)
(17,1):(-26.0,-80.0)
(16,1):(-28.0,-80.0)
(15,1):(-30.0,-80.0)
(14,1):(-32.0,-80.0)
(13,1):(-34.0,-80.0)
(12,1):(-36.0,-80.0)
(11,1):(-38.0,-80.0)
(10,1):(-40.0,-80.0)
(9,1):(-42.0,-80.0)
(8,1):(-44.0,-80.0)
(7,1):(-46.0,-80.0)
(6,1):(-48.0,-80.0)
(5,1):(-50.0,-80.0)
(4,1):(-52.0,-80.0)
(3,1):(-54.0,-80.0)
(2,1):(-56.0,-80.0)
(1,1):(-58.0,-80.0)
(0,1):(-60.0,-80.0)
(-1,1):(-62.0,-80.0)
(-2,1):(-64.0,-80.0)
(-3,1):(-66.0,-80.0)
(-4,1):(-68.0,-80.0)
(-5,1):(-70.0,-80.0)
(-6,1):(-72.0,-80.0)
(-7,1):(-74.0,-80.0)
(-8,1):(-76.0,-80.0)
(-9,1):(-78.0,-80.0)
(-10,1):(-80.0,-80.0)
(-11,1):(-82.0,-80.0)
(-12,1):(-84.0,-80.0)
(-13,1):(-86.0,-80.0)
(-14,1):(-88.0,-80.0)
(-15,1):(-90.0,-80.0)
(-16,1):(-92.0,-80.0)
(-17,1):(-94.0,-80.0)
(-18,1):(-96.0,-80.0)
(-19,1):(-98.0,-80.0)
(-20,1):(-100.0,-80.0)
(-21,1):(-102.0,-80.0)
(-22,1):(-104.0,-80.0)
(-23,1):(-106.0,-80.0)
(-24,1):(-108.0,-80.0)
(-25,1):(-110.0,-80.0)
(-26,1):(-112.0,-80.0)
(-27,1):(-114.0,-80.0)
(-28,1):(-116.0,-80.0)
(-29,1):(-118.0,-80.0)
(-30,1):(-120.0,-80.0)
(-31,1):(-122.0,-80.0)
(-32,1):(-124.0,-80.0)
(-33,1):(-126.0,-80.0)
(1,0):(-58.0,-82.0)
(2,0):(-56.0,-82.0)
(3,0):(-54.0,-82.0)
(4,0):(-52.0,-82.0)
(5,0):(-50.0,-82.0)
(6,0):(-48.0,-82.0)
(7,0):(-46.0,-82.0)
(8,0):(-44.0,-82.0)
(9,0):(-42.0,-82.0)
(10,0):(-40.0,-82.0)
(11,0):(-38.0,-82.0)
(12,0):(-36.0,-82.0)
(13,0):(-34.0,-82.0)
(14,0):(-32.0,-82.0)
(15,0):(-30.0,-82.0)
(16,0):(-28.0,-82.0)
(17,0):(-26.0,-82.0)
(18,0):(-24.0,-82.0)
(19,0):(-22.0,-82.0)
(20,0):(-20.0,-82.0)
(21,0):(-18.0,-82.0)
(22,0):(-16.0,-82.0)
(23,0):(-14.0,-82.0)
(24,0):(-12.0,-82.0)
(25,0):(-10.0,-82.0)
(26,0):(-8.0,-82.0)
(27,0):(-6.0,-82.0)
(28,0):(-4.0,-82.0)
(29,0):(-2.0,-82.0)
(30,0):(0.0,-82.0)
(31,0):(2.0,-82.0)
(32,0):(4.0,-82.0)
(33,0):(6.0,-82.0)
(34,0):(8.0,-82.0)
(35,0):(10.0,-82.0)
(36,0):(12.0,-82.0)
(37,0):(14.0,-82.0)
(38,0):(16.0,-82.0)
(39,0):(18.0,-82.0)
(40,0):(20.0,-82.0)
(41,0):(22.0,-82.0)
(42,0):(24.0,-82.0)
(43,0):(26.0,-82.0)
(44,0):(28.0,-82.0)
(45,0):(30.0,-82.0)
(46,0):(32.0,-82.0)
(47,0):(34.0,-82.0)
(48,0):(36.0,-82.0)
(49,0):(38.0,-82.0)
(50,0):(40.0,-82.0)
(51,0):(42.0,-82.0)
(52,0):(44.0,-82.0)
(53,0):(46.0,-82.0)
(54,0):(48.0,-82.0)
(55,0):(50.0,-82.0)
(56,0):(52.0,-82.0)
(57,0):(54.0,-82.0)
(58,0):(56.0,-82.0)
(59,0):(58.0,-82.0)
(60,0):(60.0,-82.0)
(61,0):(62.0,-82.0)
(62,0):(64.0,-82.0)
(63,0):(66.0,-82.0)
(64,0):(68.0,-82.0)
(65,0):(70.0,-82.0)
(66,0):(72.0,-82.0)
(67,0):(74.0,-82.0)
(68,0):(76.0,-82.0)
(69,0):(78.0,-82.0)
(70,0):(80.0,-82.0)
(71,0):(82.0,-82.0)
(72,0):(84.0,-82.0)
(73,0):(86.0,-82.0)
(74,0):(88.0,-82.0)
(75,0):(90.0,-82.0)
(76,0):(92.0,-82.0)
(77,0):(94.0,-82.0)
(78,0):(96.0,-82.0)
(79,0):(98.0,-82.0)
(80,0):(100.0,-82.0)
(81,0):(102.0,-82.0)
(82,0):(104.0,-82.0)
(83,0):(106.0,-82.0)
(84,0):(108.0,-82.0)
(85,0):(110.0,-82.0)
(86,0):(112.0,-82.0)
(87,0):(114.0,-82.0)
(88,0):(116.0,-82.0)
(89,0):(118.0,-82.0)
(90,0):(120.0,-82.0)
(91,0):(122.0,-82.0)
(92,0):(124.0,-82.0)
(93,0):(126.0,-82.0)
(92,-1):(124.0,-84.0)
(91,-1):(122.0,-84.0)
(90,-1):(120.0,-84.0)
(89,-1):(118.0,-84.0)
(88,-1):(116.0,-84.0)
(87,-1):(114.0,-84.0)
(86,-1):(112.0,-84.0)
(85,-1):(110.0,-84.0)
(84,-1):(108.0,-84.0)
(83,-1):(106.0,-84.0)
(82,-1):(104.0,-84.0)
(81,-1):(102.0,-84.0)
(80,-1):(100.0,-84.0)
(79,-1):(98.0,-84.0)
(78,-1):(96.0,-84.0)
(77,-1):(94.0,-84.0)
(76,-1):(92.0,-84.0)
(75,-1):(90.0,-84.0)
(74,-1):(88.0,-84.0)
(73,-1):(86.0,-84.0)
(72,-1):(84.0,-84.0)
(71,-1):(82.0,-84.0)
(70,-1):(80.0,-84.0)
(69,-1):(78.0,-84.0)
(68,-1):(76.0,-84.0)
(67,-1):(74.0,-84.0)
(66,-1):(72.0,-84.0)
(65,-1):(70.0,-84.0)
(64,-1):(68.0,-84.0)
(63,-1):(66.0,-84.0)
(62,-1):(64.0,-84.0)
(61,-1):(62.0,-84.0)
(60,-1):(60.0,-84.0)
(59,-1):(58.0,-84.0)
(58,-1):(56.0,-84.0)
(57,-1):(54.0,-84.0)
(56,-1):(52.0,-84.0)
(55,-1):(50.0,-84.0)
(54,-1):(48.0,-84.0)
(53,-1):(46.0,-84.0)
(52,-1):(44.0,-84.0)
(51,-1):(42.0,-84.0)
(50,-1):(40.0,-84.0)
(49,-1):(38.0,-84.0)
(48,-1):(36.0,-84.0)
(47,-1):(34.0,-84.0)
(46,-1):(32.0,-84.0)
(45,-1):(30.0,-84.0)
(44,-1):(28.0,-84.0)
(43,-1):(26.0,-84.0)
(42,-1):(24.0,-84.0)
(41,-1):(22.0,-84.0)
(40,-1):(20.0,-84.0)
(39,-1):(18.0,-84.0)
(38,-1):(16.0,-84.0)
(37,-1):(14.0,-84.0)
(36,-1):(12.0,-84.0)
(35,-1):(10.0,-84.0)
(34,-1):(8.0,-84.0)
(33,-1):(6.0,-84.0)
(32,-1):(4.0,-84.0)
(31,-1):(2.0,-84.0)
(30,-1):(0.0,-84.0)
(29,-1):(-2.0,-84.0)
(28,-1):(-4.0,-84.0)
(27,-1):(-6.0,-84.0)
(26,-1):(-8.0,-84.0)
(25,-1):(-10.0,-84.0)
(24,-1):(-12.0,-84.0)
(23,-1):(-14.0,-84.0)
(22,-1):(-16.0,-84.0)
(21,-1):(-18.0,-84.0)
(20,-1):(-20.0,-84.0)
(19,-1):(-22.0,-84.0)
(18,-1):(-24.0,-84.0)
(17,-1):(-26.0,-84.0)
(16,-1):(-28.0,-84.0)
(15,-1):(-30.0,-84.0)
(14,-1):(-32.0,-84.0)
(13,-1):(-34.0,-84.0)
(12,-1):(-36.0,-84.0)
(11,-1):(-38.0,-84.0)
(10,-1):(-40.0,-84.0)
(9,-1):(-42.0,-84.0)
(8,-1):(-44.0,-84.0)
(7,-1):(-46.0,-84.0)
(6,-1):(-48.0,-84.0)
(5,-1):(-50.0,-84.0)
(4,-1):(-52.0,-84.0)
(3,-1):(-54.0,-84.0)
(2,-1):(-56.0,-84.0)
(1,-1):(-58.0,-84.0)
(0,-1):(-60.0,-84.0)
(-1,-1):(-62.0,-84.0)
(-2,-1):(-64.0,-84.0)
(-3,-1):(-66.0,-84.0)
(-4,-1):(-68.0,-84.0)
(-5,-1):(-70.0,-84.0)
(-6,-1):(-72.0,-84.0)
(-7,-1):(-74.0,-84.0)
(-8,-1):(-76.0,-84.0)
(-9,-1):(-78.0,-84.0)
(-10,-1):(-80.0,-84.0)
(-11,-1):(-82.0,-84.0)
(-12,-1):(-84.0,-84.0)
(-13,-1):(-86.0,-84.0)
(-14,-1):(-88.0,-84.0)
(-15,-1):(-90.0,-84.0)
(-16,-1):(-92.0,-84.0)
(-17,-1):(-94.0,-84.0)
(-18,-1):(-96.0,-84.0)
(-19,-1):(-98.0,-84.0)
(-20,-1):(-100.0,-84.0)
(-21,-1):(-102.0,-84.0)
(-22,-1):(-104.0,-84.0)
(-23,-1):(-106.0,-84.0)
(-24,-1):(-108.0,-84.0)
(-25,-1):(-110.0,-84.0)
(-26,-1):(-112.0,-84.0)
(-27,-1):(-114.0,-84.0)
(-28,-1):(-116.0,-84.0)
(-29,-1):(-118.0,-84.0)
(-30,-1):(-120.0,-84.0)
(-31,-1):(-122.0,-84.0)
(-32,-1):(-124.0,-84.0)
(-33,-1):(-126.0,-84.0)
(-33,-2):(-126.0,-86.0)
(-32,-2):(-124.0,-86.0)
(-31,-2):(-122.0,-86.0)
(-30,-2):(-120.0,-86.0)
(-29,-2):(-118.0,-86.0)
(-28,-2):(-116.0,-86.0)
(-27,-2):(-114.0,-86.0)
(-26,-2):(-112.0,-86.0)
(-25,-2):(-110.0,-86.0)
(-24,-2):(-108.0,-86.0)
(-23,-2):(-106.0,-86.0)
(-22,-2):(-104.0,-86.0)
(-21,-2):(-102.0,-86.0)
(-20,-2):(-100.0,-86.0)
(-19,-2):(-98.0,-86.0)
(-18,-2):(-96.0,-86.0)
(-17,-2):(-94.0,-86.0)
(-16,-2):(-92.0,-86.0)
(-15,-2):(-90.0,-86.0)
(-14,-2):(-88.0,-86.0)
(-13,-2):(-86.0,-86.0)
(-12,-2):(-84.0,-86.0)
(-11,-2):(-82.0,-86.0)
(-10,-2):(-80.0,-86.0)
(-9,-2):(-78.0,-86.0)
(-8,-2):(-76.0,-86.0)
(-7,-2):(-74.0,-86.0)
(-6,-2):(-72.0,-86.0)
(-5,-2):(-70.0,-86.0)
(-4,-2):(-68.0,-86.0)
(-3,-2):(-66.0,-86.0)
(-2,-2):(-64.0,-86.0)
(-1,-2):(-62.0,-86.0)
(0,-2):(-60.0,-86.0)
(1,-2):(-58.0,-86.0)
(2,-2):(-56.0,-86.0)
(3,-2):(-54.0,-86.0)
(4,-2):(-52.0,-86.0)
(5,-2):(-50.0,-86.0)
(6,-2):(-48.0,-86.0)
(7,-2):(-46.0,-86.0)
(8,-2):(-44.0,-86.0)
(9,-2):(-42.0,-86.0)
(10,-2):(-40.0,-86.0)
(11,-2):(-38.0,-86.0)
(12,-2):(-36.0,-86.0)
(13,-2):(-34.0,-86.0)
(14,-2):(-32.0,-86.0)
(15,-2):(-30.0,-86.0)
(16,-2):(-28.0,-86.0)
(17,-2):(-26.0,-86.0)
(18,-2):(-24.0,-86.0)
(19,-2):(-22.0,-86.0)
(20,-2):(-20.0,-86.0)
(21,-2):(-18.0,-86.0)
(22,-2):(-16.0,-86.0)
(23,-2):(-14.0,-86.0)
(24,-2):(-12.0,-86.0)
(25,-2):(-10.0,-86.0)
(26,-2):(-8.0,-86.0)
(27,-2):(-6.0,-86.0)
(28,-2):(-4.0,-86.0)
(29,-2):(-2.0,-86.0)
(30,-2):(0.0,-86.0)
(31,-2):(2.0,-86.0)
(32,-2):(4.0,-86.0)
(33,-2):(6.0,-86.0)
(34,-2):(8.0,-86.0)
(35,-2):(10.0,-86.0)
(36,-2):(12.0,-86.0)
(37,-2):(14.0,-86.0)
(38,-2):(16.0,-86.0)
(39,-2):(18.0,-86.0)
(40,-2):(20.0,-86.0)
(41,-2):(22.0,-86.0)
(42,-2):(24.0,-86.0)
(43,-2):(26.0,-86.0)
(44,-2):(28.0,-86.0)
(45,-2):(30.0,-86.0)
(46,-2):(32.0,-86.0)
(47,-2):(34.0,-86.0)
(48,-2):(36.0,-86.0)
(49,-2):(38.0,-86.0)
(50,-2):(40.0,-86.0)
(51,-2):(42.0,-86.0)
(52,-2):(44.0,-86.0)
(53,-2):(46.0,-86.0)
(54,-2):(48.0,-86.0)
(55,-2):(50.0,-86.0)
(56,-2):(52.0,-86.0)
(57,-2):(54.0,-86.0)
(58,-2):(56.0,-86.0)
(59,-2):(58.0,-86.0)
(60,-2):(60.0,-86.0)
(61,-2):(62.0,-86.0)
(62,-2):(64.0,-86.0)
(63,-2):(66.0,-86.0)
(64,-2):(68.0,-86.0)
(65,-2):(70.0,-86.0)
(66,-2):(72.0,-86.0)
(67,-2):(74.0,-86.0)
(68,-2):(76.0,-86.0)
(69,-2):(78.0,-86.0)
(70,-2):(80.0,-86.0)
(71,-2):(82.0,-86.0)
(72,-2):(84.0,-86.0)
(73,-2):(86.0,-86.0)
(74,-2):(88.0,-86.0)
(75,-2):(90.0,-86.0)
(76,-2):(92.0,-86.0)
(77,-2):(94.0,-86.0)
(78,-2):(96.0,-86.0)
(79,-2):(98.0,-86.0)
(80,-2):(100.0,-86.0)
(81,-2):(102.0,-86.0)
(82,-2):(104.0,-86.0)
(83,-2):(106.0,-86.0)
(84,-2):(108.0,-86.0)
(85,-2):(110.0,-86.0)
(86,-2):(112.0,-86.0)
(87,-2):(114.0,-86.0)
(88,-2):(116.0,-86.0)
(89,-2):(118.0,-86.0)
(90,-2):(120.0,-86.0)
(91,-2):(122.0,-86.0)
(92,-2):(124.0,-86.0)
(91,-3):(122.0,-88.0)
(90,-3):(120.0,-88.0)
(89,-3):(118.0,-88.0)
(88,-3):(116.0,-88.0)
(87,-3):(114.0,-88.0)
(86,-3):(112.0,-88.0)
(85,-3):(110.0,-88.0)
(84,-3):(108.0,-88.0)
(83,-3):(106.0,-88.0)
(82,-3):(104.0,-88.0)
(81,-3):(102.0,-88.0)
(80,-3):(100.0,-88.0)
(79,-3):(98.0,-88.0)
(78,-3):(96.0,-88.0)
(77,-3):(94.0,-88.0)
(76,-3):(92.0,-88.0)
(75,-3):(90.0,-88.0)
(74,-3):(88.0,-88.0)
(73,-3):(86.0,-88.0)
(72,-3):(84.0,-88.0)
(71,-3):(82.0,-88.0)
(70,-3):(80.0,-88.0)
(69,-3):(78.0,-88.0)
(68,-3):(76.0,-88.0)
(67,-3):(74.0,-88.0)
(66,-3):(72.0,-88.0)
(65,-3):(70.0,-88.0)
(64,-3):(68.0,-88.0)
(63,-3):(66.0,-88.0)
(62,-3):(64.0,-88.0)
(61,-3):(62.0,-88.0)
(60,-3):(60.0,-88.0)
(59,-3):(58.0,-88.0)
(58,-3):(56.0,-88.0)
(57,-3):(54.0,-88.0)
(56,-3):(52.0,-88.0)
(55,-3):(50.0,-88.0)
(54,-3):(48.0,-88.0)
(53,-3):(46.0,-88.0)
(52,-3):(44.0,-88.0)
(51,-3):(42.0,-88.0)
(50,-3):(40.0,-88.0)
(49,-3):(38.0,-88.0)
(48,-3):(36.0,-88.0)
(47,-3):(34.0,-88.0)
(46,-3):(32.0,-88.0)
(45,-3):(30.0,-88.0)
(44,-3):(28.0,-88.0)
(43,-3):(26.0,-88.0)
(42,-3):(24.0,-88.0)
(41,-3):(22.0,-88.0)
(40,-3):(20.0,-88.0)
(39,-3):(18.0,-88.0)
(38,-3):(16.0,-88.0)
(37,-3):(14.0,-88.0)
(36,-3):(12.0,-88.0)
(35,-3):(10.0,-88.0)
(34,-3):(8.0,-88.0)
(33,-3):(6.0,-88.0)
(32,-3):(4.0,-88.0)
(31,-3):(2.0,-88.0)
(30,-3):(0.0,-88.0)
(29,-3):(-2.0,-88.0)
(28,-3):(-4.0,-88.0)
(27,-3):(-6.0,-88.0)
(26,-3):(-8.0,-88.0)
(25,-3):(-10.0,-88.0)
(24,-3):(-12.0,-88.0)
(23,-3):(-14.0,-88.0)
(22,-3):(-16.0,-88.0)
(21,-3):(-18.0,-88.0)
(20,-3):(-20.0,-88.0)
(19,-3):(-22.0,-88.0)
(18,-3):(-24.0,-88.0)
(17,-3):(-26.0,-88.0)
(16,-3):(-28.0,-88.0)
(15,-3):(-30.0,-88.0)
(14,-3):(-32.0,-88.0)
(13,-3):(-34.0,-88.0)
(12,-3):(-36.0,-88.0)
(11,-3):(-38.0,-88.0)
(10,-3):(-40.0,-88.0)
(9,-3):(-42.0,-88.0)
(8,-3):(-44.0,-88.0)
(7,-3):(-46.0,-88.0)
(6,-3):(-48.0,-88.0)
(5,-3):(-50.0,-88.0)
(4,-3):(-52.0,-88.0)
(3,-3):(-54.0,-88.0)
(2,-3):(-56.0,-88.0)
(1,-3):(-58.0,-88.0)
(0,-3):(-60.0,-88.0)
(-1,-3):(-62.0,-88.0)
(-2,-3):(-64.0,-88.0)
(-3,-3):(-66.0,-88.0)
(-4,-3):(-68.0,-88.0)
(-5,-3):(-70.0,-88.0)
(-6,-3):(-72.0,-88.0)
(-7,-3):(-74.0,-88.0)
(-8,-3):(-76.0,-88.0)
(-9,-3):(-78.0,-88.0)
(-10,-3):(-80.0,-88.0)
(-11,-3):(-82.0,-88.0)
(-12,-3):(-84.0,-88.0)
(-13,-3):(-86.0,-88.0)
(-14,-3):(-88.0,-88.0)
(-15,-3):(-90.0,-88.0)
(-16,-3):(-92.0,-88.0)
(-17,-3):(-94.0,-88.0)
(-18,-3):(-96.0,-88.0)
(-19,-3):(-98.0,-88.0)
(-20,-3):(-100.0,-88.0)
(-21,-3):(-102.0,-88.0)
(-22,-3):(-104.0,-88.0)
(-23,-3):(-106.0,-88.0)
(-24,-3):(-108.0,-88.0)
(-25,-3):(-110.0,-88.0)
(-26,-3):(-112.0,-88.0)
(-27,-3):(-114.0,-88.0)
(-28,-3):(-116.0,-88.0)
(-29,-3):(-118.0,-88.0)
(-30,-3):(-120.0,-88.0)
(-31,-3):(-122.0,-88.0)
(-32,-3):(-124.0,-88.0)
(-31,-4):(-122.0,-90.0)
(-30,-4):(-120.0,-90.0)
(-29,-4):(-118.0,-90.0)
(-28,-4):(-116.0,-90.0)
(-27,-4):(-114.0,-90.0)
(-26,-4):(-112.0,-90.0)
(-25,-4):(-110.0,-90.0)
(-24,-4):(-108.0,-90.0)
(-23,-4):(-106.0,-90.0)
(-22,-4):(-104.0,-90.0)
(-21,-4):(-102.0,-90.0)
(-20,-4):(-100.0,-90.0)
(-19,-4):(-98.0,-90.0)
(-18,-4):(-96.0,-90.0)
(-17,-4):(-94.0,-90.0)
(-16,-4):(-92.0,-90.0)
(-15,-4):(-90.0,-90.0)
(-14,-4):(-88.0,-90.0)
(-13,-4):(-86.0,-90.0)
(-12,-4):(-84.0,-90.0)
(-11,-4):(-82.0,-90.0)
(-10,-4):(-80.0,-90.0)
(-9,-4):(-78.0,-90.0)
(-8,-4):(-76.0,-90.0)
(-7,-4):(-74.0,-90.0)
(-6,-4):(-72.0,-90.0)
(-5,-4):(-70.0,-90.0)
(-4,-4):(-68.0,-90.0)
(-3,-4):(-66.0,-90.0)
(-2,-4):(-64.0,-90.0)
(-1,-4):(-62.0,-90.0)
(0,-4):(-60.0,-90.0)
(1,-4):(-58.0,-90.0)
(2,-4):(-56.0,-90.0)
(3,-4):(-54.0,-90.0)
(4,-4):(-52.0,-90.0)
(5,-4):(-50.0,-90.0)
(6,-4):(-48.0,-90.0)
(7,-4):(-46.0,-90.0)
(8,-4):(-44.0,-90.0)
(9,-4):(-42.0,-90.0)
(10,-4):(-40.0,-90.0)
(11,-4):(-38.0,-90.0)
(12,-4):(-36.0,-90.0)
(13,-4):(-34.0,-90.0)
(14,-4):(-32.0,-90.0)
(15,-4):(-30.0,-90.0)
(16,-4):(-28.0,-90.0)
(17,-4):(-26.0,-90.0)
(18,-4):(-24.0,-90.0)
(19,-4):(-22.0,-90.0)
(20,-4):(-20.0,-90.0)
(21,-4):(-18.0,-90.0)
(22,-4):(-16.0,-90.0)
(23,-4):(-14.0,-90.0)
(24,-4):(-12.0,-90.0)
(25,-4):(-10.0,-90.0)
(26,-4):(-8.0,-90.0)
(27,-4):(-6.0,-90.0)
(28,-4):(-4.0,-90.0)
(29,-4):(-2.0,-90.0)
(30,-4):(0.0,-90.0)
(31,-4):(2.0,-90.0)
(32,-4):(4.0,-90.0)
(33,-4):(6.0,-90.0)
(34,-4):(8.0,-90.0)
(35,-4):(10.0,-90.0)
(36,-4):(12.0,-90.0)
(37,-4):(14.0,-90.0)
(38,-4):(16.0,-90.0)
(39,-4):(18.0,-90.0)
(40,-4):(20.0,-90.0)
(41,-4):(22.0,-90.0)
(42,-4):(24.0,-90.0)
(43,-4):(26.0,-90.0)
(44,-4):(28.0,-90.0)
(45,-4):(30.0,-90.0)
(46,-4):(32.0,-90.0)
(47,-4):(34.0,-90.0)
(48,-4):(36.0,-90.0)
(49,-4):(38.0,-90.0)
(50,-4):(40.0,-90.0)
(51,-4):(42.0,-90.0)
(52,-4):(44.0,-90.0)
(53,-4):(46.0,-90.0)
(54,-4):(48.0,-90.0)
(55,-4):(50.0,-90.0)
(56,-4):(52.0,-90.0)
(57,-4):(54.0,-90.0)
(58,-4):(56.0,-90.0)
(59,-4):(58.0,-90.0)
(60,-4):(60.0,-90.0)
(61,-4):(62.0,-90.0)
(62,-4):(64.0,-90.0)
(63,-4):(66.0,-90.0)
(64,-4):(68.0,-90.0)
(65,-4):(70.0,-90.0)
(66,-4):(72.0,-90.0)
(67,-4):(74.0,-90.0)
(68,-4):(76.0,-90.0)
(69,-4):(78.0,-90.0)
(70,-4):(80.0,-90.0)
(71,-4):(82.0,-90.0)
(72,-4):(84.0,-90.0)
(73,-4):(86.0,-90.0)
(74,-4):(88.0,-90.0)
(75,-4):(90.0,-90.0)
(76,-4):(92.0,-90.0)
(77,-4):(94.0,-90.0)
(78,-4):(96.0,-90.0)
(79,-4):(98.0,-90.0)
(80,-4):(100.0,-90.0)
(81,-4):(102.0,-90.0)
(82,-4):(104.0,-90.0)
(83,-4):(106.0,-90.0)
(84,-4):(108.0,-90.0)
(85,-4):(110.0,-90.0)
(86,-4):(112.0,-90.0)
(87,-4):(114.0,-90.0)
(88,-4):(116.0,-90.0)
(89,-4):(118.0,-90.0)
(90,-4):(120.0,-90.0)
(89,-5):(118.0,-92.0)
(88,-5):(116.0,-92.0)
(87,-5):(114.0,-92.0)
(86,-5):(112.0,-92.0)
(85,-5):(110.0,-92.0)
(84,-5):(108.0,-92.0)
(83,-5):(106.0,-92.0)
(82,-5):(104.0,-92.0)
(81,-5):(102.0,-92.0)
(80,-5):(100.0,-92.0)
(79,-5):(98.0,-92.0)
(78,-5):(96.0,-92.0)
(77,-5):(94.0,-92.0)
(76,-5):(92.0,-92.0)
(75,-5):(90.0,-92.0)
(74,-5):(88.0,-92.0)
(73,-5):(86.0,-92.0)
(72,-5):(84.0,-92.0)
(71,-5):(82.0,-92.0)
(70,-5):(80.0,-92.0)
(69,-5):(78.0,-92.0)
(68,-5):(76.0,-92.0)
(67,-5):(74.0,-92.0)
(66,-5):(72.0,-92.0)
(65,-5):(70.0,-92.0)
(64,-5):(68.0,-92.0)
(63,-5):(66.0,-92.0)
(62,-5):(64.0,-92.0)
(61,-5):(62.0,-92.0)
(60,-5):(60.0,-92.0)
(59,-5):(58.0,-92.0)
(58,-5):(56.0,-92.0)
(57,-5):(54.0,-92.0)
(56,-5):(52.0,-92.0)
(55,-5):(50.0,-92.0)
(54,-5):(48.0,-92.0)
(53,-5):(46.0,-92.0)
(52,-5):(44.0,-92.0)
(51,-5):(42.0,-92.0)
(50,-5):(40.0,-92.0)
(49,-5):(38.0,-92.0)
(48,-5):(36.0,-92.0)
(47,-5):(34.0,-92.0)
(46,-5):(32.0,-92.0)
(45,-5):(30.0,-92.0)
(44,-5):(28.0,-92.0)
(43,-5):(26.0,-92.0)
(42,-5):(24.0,-92.0)
(41,-5):(22.0,-92.0)
(40,-5):(20.0,-92.0)
(39,-5):(18.0,-92.0)
(38,-5):(16.0,-92.0)
(37,-5):(14.0,-92.0)
(36,-5):(12.0,-92.0)
(35,-5):(10.0,-92.0)
(34,-5):(8.0,-92.0)
(33,-5):(6.0,-92.0)
(32,-5):(4.0,-92.0)
(31,-5):(2.0,-92.0)
(30,-5):(0.0,-92.0)
(29,-5):(-2.0,-92.0)
(28,-5):(-4.0,-92.0)
(27,-5):(-6.0,-92.0)
(26,-5):(-8.0,-92.0)
(25,-5):(-10.0,-92.0)
(24,-5):(-12.0,-92.0)
(23,-5):(-14.0,-92.0)
(22,-5):(-16.0,-92.0)
(21,-5):(-18.0,-92.0)
(20,-5):(-20.0,-92.0)
(19,-5):(-22.0,-92.0)
(18,-5):(-24.0,-92.0)
(17,-5):(-26.0,-92.0)
(16,-5):(-28.0,-92.0)
(15,-5):(-30.0,-92.0)
(14,-5):(-32.0,-92.0)
(13,-5):(-34.0,-92.0)
(12,-5):(-36.0,-92.0)
(11,-5):(-38.0,-92.0)
(10,-5):(-40.0,-92.0)
(9,-5):(-42.0,-92.0)
(8,-5):(-44.0,-92.0)
(7,-5):(-46.0,-92.0)
(6,-5):(-48.0,-92.0)
(5,-5):(-50.0,-92.0)
(4,-5):(-52.0,-92.0)
(3,-5):(-54.0,-92.0)
(2,-5):(-56.0,-92.0)
(1,-5):(-58.0,-92.0)
(0,-5):(-60.0,-92.0)
(-1,-5):(-62.0,-92.0)
(-2,-5):(-64.0,-92.0)
(-3,-5):(-66.0,-92.0)
(-4,-5):(-68.0,-92.0)
(-5,-5):(-70.0,-92.0)
(-6,-5):(-72.0,-92.0)
(-7,-5):(-74.0,-92.0)
(-8,-5):(-76.0,-92.0)
(-9,-5):(-78.0,-92.0)
(-10,-5):(-80.0,-92.0)
(-11,-5):(-82.0,-92.0)
(-12,-5):(-84.0,-92.0)
(-13,-5):(-86.0,-92.0)
(-14,-5):(-88.0,-92.0)
(-15,-5):(-90.0,-92.0)
(-16,-5):(-92.0,-92.0)
(-17,-5):(-94.0,-92.0)
(-18,-5):(-96.0,-92.0)
(-19,-5):(-98.0,-92.0)
(-20,-5):(-100.0,-92.0)
(-21,-5):(-102.0,-92.0)
(-22,-5):(-104.0,-92.0)
(-23,-5):(-106.0,-92.0)
(-24,-5):(-108.0,-92.0)
(-25,-5):(-110.0,-92.0)
(-26,-5):(-112.0,-92.0)
(-27,-5):(-114.0,-92.0)
(-28,-5):(-116.0,-92.0)
(-29,-5):(-118.0,-92.0)
(-30,-5):(-120.0,-92.0)
(-30,-6):(-120.0,-94.0)
(-29,-6):(-118.0,-94.0)
(-28,-6):(-116.0,-94.0)
(-27,-6):(-114.0,-94.0)
(-26,-6):(-112.0,-94.0)
(-25,-6):(-110.0,-94.0)
(-24,-6):(-108.0,-94.0)
(-23,-6):(-106.0,-94.0)
(-22,-6):(-104.0,-94.0)
(-21,-6):(-102.0,-94.0)
(-20,-6):(-100.0,-94.0)
(-19,-6):(-98.0,-94.0)
(-18,-6):(-96.0,-94.0)
(-17,-6):(-94.0,-94.0)
(-16,-6):(-92.0,-94.0)
(-15,-6):(-90.0,-94.0)
(-14,-6):(-88.0,-94.0)
(-13,-6):(-86.0,-94.0)
(-12,-6):(-84.0,-94.0)
(-11,-6):(-82.0,-94.0)
(-10,-6):(-80.0,-94.0)
(-9,-6):(-78.0,-94.0)
(-8,-6):(-76.0,-94.0)
(-7,-6):(-74.0,-94.0)
(-6,-6):(-72.0,-94.0)
(-5,-6):(-70.0,-94.0)
(-4,-6):(-68.0,-94.0)
(-3,-6):(-66.0,-94.0)
(-2,-6):(-64.0,-94.0)
(-1,-6):(-62.0,-94.0)
(0,-6):(-60.0,-94.0)
(1,-6):(-58.0,-94.0)
(2,-6):(-56.0,-94.0)
(3,-6):(-54.0,-94.0)
(4,-6):(-52.0,-94.0)
(5,-6):(-50.0,-94.0)
(6,-6):(-48.0,-94.0)
(7,-6):(-46.0,-94.0)
(8,-6):(-44.0,-94.0)
(9,-6):(-42.0,-94.0)
(10,-6):(-40.0,-94.0)
(11,-6):(-38.0,-94.0)
(12,-6):(-36.0,-94.0)
(13,-6):(-34.0,-94.0)
(14,-6):(-32.0,-94.0)
(15,-6):(-30.0,-94.0)
(16,-6):(-28.0,-94.0)
(17,-6):(-26.0,-94.0)
(18,-6):(-24.0,-94.0)
(19,-6):(-22.0,-94.0)
(20,-6):(-20.0,-94.0)
(21,-6):(-18.0,-94.0)
(22,-6):(-16.0,-94.0)
(23,-6):(-14.0,-94.0)
(24,-6):(-12.0,-94.0)
(25,-6):(-10.0,-94.0)
(26,-6):(-8.0,-94.0)
(27,-6):(-6.0,-94.0)
(28,-6):(-4.0,-94.0)
(29,-6):(-2.0,-94.0)
(30,-6):(0.0,-94.0)
(31,-6):(2.0,-94.0)
(32,-6):(4.0,-94.0)
(33,-6):(6.0,-94.0)
(34,-6):(8.0,-94.0)
(35,-6):(10.0,-94.0)
(36,-6):(12.0,-94.0)
(37,-6):(14.0,-94.0)
(38,-6):(16.0,-94.0)
(39,-6):(18.0,-94.0)
(40,-6):(20.0,-94.0)
(41,-6):(22.0,-94.0)
(42,-6):(24.0,-94.0)
(43,-6):(26.0,-94.0)
(44,-6):(28.0,-94.0)
(45,-6):(30.0,-94.0)
(46,-6):(32.0,-94.0)
(47,-6):(34.0,-94.0)
(48,-6):(36.0,-94.0)
(49,-6):(38.0,-94.0)
(50,-6):(40.0,-94.0)
(51,-6):(42.0,-94.0)
(52,-6):(44.0,-94.0)
(53,-6):(46.0,-94.0)
(54,-6):(48.0,-94.0)
(55,-6):(50.0,-94.0)
(56,-6):(52.0,-94.0)
(57,-6):(54.0,-94.0)
(58,-6):(56.0,-94.0)
(59,-6):(58.0,-94.0)
(60,-6):(60.0,-94.0)
(61,-6):(62.0,-94.0)
(62,-6):(64.0,-94.0)
(63,-6):(66.0,-94.0)
(64,-6):(68.0,-94.0)
(65,-6):(70.0,-94.0)
(66,-6):(72.0,-94.0)
(67,-6):(74.0,-94.0)
(68,-6):(76.0,-94.0)
(69,-6):(78.0,-94.0)
(70,-6):(80.0,-94.0)
(71,-6):(82.0,-94.0)
(72,-6):(84.0,-94.0)
(73,-6):(86.0,-94.0)
(74,-6):(88.0,-94.0)
(75,-6):(90.0,-94.0)
(76,-6):(92.0,-94.0)
(77,-6):(94.0,-94.0)
(78,-6):(96.0,-94.0)
(79,-6):(98.0,-94.0)
(80,-6):(100.0,-94.0)
(81,-6):(102.0,-94.0)
(82,-6):(104.0,-94.0)
(83,-6):(106.0,-94.0)
(84,-6):(108.0,-94.0)
(85,-6):(110.0,-94.0)
(86,-6):(112.0,-94.0)
(87,-6):(114.0,-94.0)
(88,-6):(116.0,-94.0)
(89,-6):(118.0,-94.0)
(88,-7):(116.0,-96.0)
(87,-7):(114.0,-96.0)
(86,-7):(112.0,-96.0)
(85,-7):(110.0,-96.0)
(84,-7):(108.0,-96.0)
(83,-7):(106.0,-96.0)
(82,-7):(104.0,-96.0)
(81,-7):(102.0,-96.0)
(80,-7):(100.0,-96.0)
(79,-7):(98.0,-96.0)
(78,-7):(96.0,-96.0)
(77,-7):(94.0,-96.0)
(76,-7):(92.0,-96.0)
(75,-7):(90.0,-96.0)
(74,-7):(88.0,-96.0)
(73,-7):(86.0,-96.0)
(72,-7):(84.0,-96.0)
(71,-7):(82.0,-96.0)
(70,-7):(80.0,-96.0)
(69,-7):(78.0,-96.0)
(68,-7):(76.0,-96.0)
(67,-7):(74.0,-96.0)
(66,-7):(72.0,-96.0)
(65,-7):(70.0,-96.0)
(64,-7):(68.0,-96.0)
(63,-7):(66.0,-96.0)
(62,-7):(64.0,-96.0)
(61,-7):(62.0,-96.0)
(60,-7):(60.0,-96.0)
(59,-7):(58.0,-96.0)
(58,-7):(56.0,-96.0)
(57,-7):(54.0,-96.0)
(56,-7):(52.0,-96.0)
(55,-7):(50.0,-96.0)
(54,-7):(48.0,-96.0)
(53,-7):(46.0,-96.0)
(52,-7):(44.0,-96.0)
(51,-7):(42.0,-96.0)
(50,-7):(40.0,-96.0)
(49,-7):(38.0,-96.0)
(48,-7):(36.0,-96.0)
(47,-7):(34.0,-96.0)
(46,-7):(32.0,-96.0)
(45,-7):(30.0,-96.0)
(44,-7):(28.0,-96.0)
(43,-7):(26.0,-96.0)
(42,-7):(24.0,-96.0)
(41,-7):(22.0,-96.0)
(40,-7):(20.0,-96.0)
(39,-7):(18.0,-96.0)
(38,-7):(16.0,-96.0)
(37,-7):(14.0,-96.0)
(36,-7):(12.0,-96.0)
(35,-7):(10.0,-96.0)
(34,-7):(8.0,-96.0)
(33,-7):(6.0,-96.0)
(32,-7):(4.0,-96.0)
(31,-7):(2.0,-96.0)
(30,-7):(0.0,-96.0)
(29,-7):(-2.0,-96.0)
(28,-7):(-4.0,-96.0)
(27,-7):(-6.0,-96.0)
(26,-7):(-8.0,-96.0)
(25,-7):(-10.0,-96.0)
(24,-7):(-12.0,-96.0)
(23,-7):(-14.0,-96.0)
(22,-7):(-16.0,-96.0)
(21,-7):(-18.0,-96.0)
(20,-7):(-20.0,-96.0)
(19,-7):(-22.0,-96.0)
(18,-7):(-24.0,-96.0)
(17,-7):(-26.0,-96.0)
(16,-7):(-28.0,-96.0)
(15,-7):(-30.0,-96.0)
(14,-7):(-32.0,-96.0)
(13,-7):(-34.0,-96.0)
(12,-7):(-36.0,-96.0)
(11,-7):(-38.0,-96.0)
(10,-7):(-40.0,-96.0)
(9,-7):(-42.0,-96.0)
(8,-7):(-44.0,-96.0)
(7,-7):(-46.0,-96.0)
(6,-7):(-48.0,-96.0)
(5,-7):(-50.0,-96.0)
(4,-7):(-52.0,-96.0)
(3,-7):(-54.0,-96.0)
(2,-7):(-56.0,-96.0)
(1,-7):(-58.0,-96.0)
(0,-7):(-60.0,-96.0)
(-1,-7):(-62.0,-96.0)
(-2,-7):(-64.0,-96.0)
(-3,-7):(-66.0,-96.0)
(-4,-7):(-68.0,-96.0)
(-5,-7):(-70.0,-96.0)
(-6,-7):(-72.0,-96.0)
(-7,-7):(-74.0,-96.0)
(-8,-7):(-76.0,-96.0)
(-9,-7):(-78.0,-96.0)
(-10,-7):(-80.0,-96.0)
(-11,-7):(-82.0,-96.0)
(-12,-7):(-84.0,-96.0)
(-13,-7):(-86.0,-96.0)
(-14,-7):(-88.0,-96.0)
(-15,-7):(-90.0,-96.0)
(-16,-7):(-92.0,-96.0)
(-17,-7):(-94.0,-96.0)
(-18,-7):(-96.0,-96.0)
(-19,-7):(-98.0,-96.0)
(-20,-7):(-100.0,-96.0)
(-21,-7):(-102.0,-96.0)
(-22,-7):(-104.0,-96.0)
(-23,-7):(-106.0,-96.0)
(-24,-7):(-108.0,-96.0)
(-25,-7):(-110.0,-96.0)
(-26,-7):(-112.0,-96.0)
(-27,-7):(-114.0,-96.0)
(-28,-7):(-116.0,-96.0)
(-29,-7):(-118.0,-96.0)
(-28,-8):(-116.0,-98.0)
(-27,-8):(-114.0,-98.0)
(-26,-8):(-112.0,-98.0)
(-25,-8):(-110.0,-98.0)
(-24,-8):(-108.0,-98.0)
(-23,-8):(-106.0,-98.0)
(-22,-8):(-104.0,-98.0)
(-21,-8):(-102.0,-98.0)
(-20,-8):(-100.0,-98.0)
(-19,-8):(-98.0,-98.0)
(-18,-8):(-96.0,-98.0)
(-17,-8):(-94.0,-98.0)
(-16,-8):(-92.0,-98.0)
(-15,-8):(-90.0,-98.0)
(-14,-8):(-88.0,-98.0)
(-13,-8):(-86.0,-98.0)
(-12,-8):(-84.0,-98.0)
(-11,-8):(-82.0,-98.0)
(-10,-8):(-80.0,-98.0)
(-9,-8):(-78.0,-98.0)
(-8,-8):(-76.0,-98.0)
(-7,-8):(-74.0,-98.0)
(-6,-8):(-72.0,-98.0)
(-5,-8):(-70.0,-98.0)
(-4,-8):(-68.0,-98.0)
(-3,-8):(-66.0,-98.0)
(-2,-8):(-64.0,-98.0)
(-1,-8):(-62.0,-98.0)
(0,-8):(-60.0,-98.0)
(1,-8):(-58.0,-98.0)
(2,-8):(-56.0,-98.0)
(3,-8):(-54.0,-98.0)
(4,-8):(-52.0,-98.0)
(5,-8):(-50.0,-98.0)
(6,-8):(-48.0,-98.0)
(7,-8):(-46.0,-98.0)
(8,-8):(-44.0,-98.0)
(9,-8):(-42.0,-98.0)
(10,-8):(-40.0,-98.0)
(11,-8):(-38.0,-98.0)
(12,-8):(-36.0,-98.0)
(13,-8):(-34.0,-98.0)
(14,-8):(-32.0,-98.0)
(15,-8):(-30.0,-98.0)
(16,-8):(-28.0,-98.0)
(17,-8):(-26.0,-98.0)
(18,-8):(-24.0,-98.0)
(19,-8):(-22.0,-98.0)
(20,-8):(-20.0,-98.0)
(21,-8):(-18.0,-98.0)
(22,-8):(-16.0,-98.0)
(23,-8):(-14.0,-98.0)
(24,-8):(-12.0,-98.0)
(25,-8):(-10.0,-98.0)
(26,-8):(-8.0,-98.0)
(27,-8):(-6.0,-98.0)
(28,-8):(-4.0,-98.0)
(29,-8):(-2.0,-98.0)
(30,-8):(0.0,-98.0)
(31,-8):(2.0,-98.0)
(32,-8):(4.0,-98.0)
(33,-8):(6.0,-98.0)
(34,-8):(8.0,-98.0)
(35,-8):(10.0,-98.0)
(36,-8):(12.0,-98.0)
(37,-8):(14.0,-98.0)
(38,-8):(16.0,-98.0)
(39,-8):(18.0,-98.0)
(40,-8):(20.0,-98.0)
(41,-8):(22.0,-98.0)
(42,-8):(24.0,-98.0)
(43,-8):(26.0,-98.0)
(44,-8):(28.0,-98.0)
(45,-8):(30.0,-98.0)
(46,-8):(32.0,-98.0)
(47,-8):(34.0,-98.0)
(48,-8):(36.0,-98.0)
(49,-8):(38.0,-98.0)
(50,-8):(40.0,-98.0)
(51,-8):(42.0,-98.0)
(52,-8):(44.0,-98.0)
(53,-8):(46.0,-98.0)
(54,-8):(48.0,-98.0)
(55,-8):(50.0,-98.0)
(56,-8):(52.0,-98.0)
(57,-8):(54.0,-98.0)
(58,-8):(56.0,-98.0)
(59,-8):(58.0,-98.0)
(60,-8):(60.0,-98.0)
(61,-8):(62.0,-98.0)
(62,-8):(64.0,-98.0)
(63,-8):(66.0,-98.0)
(64,-8):(68.0,-98.0)
(65,-8):(70.0,-98.0)
(66,-8):(72.0,-98.0)
(67,-8):(74.0,-98.0)
(68,-8):(76.0,-98.0)
(69,-8):(78.0,-98.0)
(70,-8):(80.0,-98.0)
(71,-8):(82.0,-98.0)
(72,-8):(84.0,-98.0)
(73,-8):(86.0,-98.0)
(74,-8):(88.0,-98.0)
(75,-8):(90.0,-98.0)
(76,-8):(92.0,-98.0)
(77,-8):(94.0,-98.0)
(78,-8):(96.0,-98.0)
(79,-8):(98.0,-98.0)
(80,-8):(100.0,-98.0)
(81,-8):(102.0,-98.0)
(82,-8):(104.0,-98.0)
(83,-8):(106.0,-98.0)
(84,-8):(108.0,-98.0)
(85,-8):(110.0,-98.0)
(86,-8):(112.0,-98.0)
(87,-8):(114.0,-98.0)
(86,-9):(112.0,-100.0)
(85,-9):(110.0,-100.0)
(84,-9):(108.0,-100.0)
(83,-9):(106.0,-100.0)
(82,-9):(104.0,-100.0)
(81,-9):(102.0,-100.0)
(80,-9):(100.0,-100.0)
(79,-9):(98.0,-100.0)
(78,-9):(96.0,-100.0)
(77,-9):(94.0,-100.0)
(76,-9):(92.0,-100.0)
(75,-9):(90.0,-100.0)
(74,-9):(88.0,-100.0)
(73,-9):(86.0,-100.0)
(72,-9):(84.0,-100.0)
(71,-9):(82.0,-100.0)
(70,-9):(80.0,-100.0)
(69,-9):(78.0,-100.0)
(68,-9):(76.0,-100.0)
(67,-9):(74.0,-100.0)
(66,-9):(72.0,-100.0)
(65,-9):(70.0,-100.0)
(64,-9):(68.0,-100.0)
(63,-9):(66.0,-100.0)
(62,-9):(64.0,-100.0)
(61,-9):(62.0,-100.0)
(60,-9):(60.0,-100.0)
(59,-9):(58.0,-100.0)
(58,-9):(56.0,-100.0)
(57,-9):(54.0,-100.0)
(56,-9):(52.0,-100.0)
(55,-9):(50.0,-100.0)
(54,-9):(48.0,-100.0)
(53,-9):(46.0,-100.0)
(52,-9):(44.0,-100.0)
(51,-9):(42.0,-100.0)
(50,-9):(40.0,-100.0)
(49,-9):(38.0,-100.0)
(48,-9):(36.0,-100.0)
(47,-9):(34.0,-100.0)
(46,-9):(32.0,-100.0)
(45,-9):(30.0,-100.0)
(44,-9):(28.0,-100.0)
(43,-9):(26.0,-100.0)
(42,-9):(24.0,-100.0)
(41,-9):(22.0,-100.0)
(40,-9):(20.0,-100.0)
(39,-9):(18.0,-100.0)
(38,-9):(16.0,-100.0)
(37,-9):(14.0,-100.0)
(36,-9):(12.0,-100.0)
(35,-9):(10.0,-100.0)
(34,-9):(8.0,-100.0)
(33,-9):(6.0,-100.0)
(32,-9):(4.0,-100.0)
(31,-9):(2.0,-100.0)
(30,-9):(0.0,-100.0)
(29,-9):(-2.0,-100.0)
(28,-9):(-4.0,-100.0)
(27,-9):(-6.0,-100.0)
(26,-9):(-8.0,-100.0)
(25,-9):(-10.0,-100.0)
(24,-9):(-12.0,-100.0)
(23,-9):(-14.0,-100.0)
(22,-9):(-16.0,-100.0)
(21,-9):(-18.0,-100.0)
(20,-9):(-20.0,-100.0)
(19,-9):(-22.0,-100.0)
(18,-9):(-24.0,-100.0)
(17,-9):(-26.0,-100.0)
(16,-9):(-28.0,-100.0)
(15,-9):(-30.0,-100.0)
(14,-9):(-32.0,-100.0)
(13,-9):(-34.0,-100.0)
(12,-9):(-36.0,-100.0)
(11,-9):(-38.0,-100.0)
(10,-9):(-40.0,-100.0)
(9,-9):(-42.0,-100.0)
(8,-9):(-44.0,-100.0)
(7,-9):(-46.0,-100.0)
(6,-9):(-48.0,-100.0)
(5,-9):(-50.0,-100.0)
(4,-9):(-52.0,-100.0)
(3,-9):(-54.0,-100.0)
(2,-9):(-56.0,-100.0)
(1,-9):(-58.0,-100.0)
(0,-9):(-60.0,-100.0)
(-1,-9):(-62.0,-100.0)
(-2,-9):(-64.0,-100.0)
(-3,-9):(-66.0,-100.0)
(-4,-9):(-68.0,-100.0)
(-5,-9):(-70.0,-100.0)
(-6,-9):(-72.0,-100.0)
(-7,-9):(-74.0,-100.0)
(-8,-9):(-76.0,-100.0)
(-9,-9):(-78.0,-100.0)
(-10,-9):(-80.0,-100.0)
(-11,-9):(-82.0,-100.0)
(-12,-9):(-84.0,-100.0)
(-13,-9):(-86.0,-100.0)
(-14,-9):(-88.0,-100.0)
(-15,-9):(-90.0,-100.0)
(-16,-9):(-92.0,-100.0)
(-17,-9):(-94.0,-100.0)
(-18,-9):(-96.0,-100.0)
(-19,-9):(-98.0,-100.0)
(-20,-9):(-100.0,-100.0)
(-21,-9):(-102.0,-100.0)
(-22,-9):(-104.0,-100.0)
(-23,-9):(-106.0,-100.0)
(-24,-9):(-108.0,-100.0)
(-25,-9):(-110.0,-100.0)
(-26,-9):(-112.0,-100.0)
(-27,-9):(-114.0,-100.0)
(-26,-10):(-112.0,-102.0)
(-25,-10):(-110.0,-102.0)
(-24,-10):(-108.0,-102.0)
(-23,-10):(-106.0,-102.0)
(-22,-10):(-104.0,-102.0)
(-21,-10):(-102.0,-102.0)
(-20,-10):(-100.0,-102.0)
(-19,-10):(-98.0,-102.0)
(-18,-10):(-96.0,-102.0)
(-17,-10):(-94.0,-102.0)
(-16,-10):(-92.0,-102.0)
(-15,-10):(-90.0,-102.0)
(-14,-10):(-88.0,-102.0)
(-13,-10):(-86.0,-102.0)
(-12,-10):(-84.0,-102.0)
(-11,-10):(-82.0,-102.0)
(-10,-10):(-80.0,-102.0)
(-9,-10):(-78.0,-102.0)
(-8,-10):(-76.0,-102.0)
(-7,-10):(-74.0,-102.0)
(-6,-10):(-72.0,-102.0)
(-5,-10):(-70.0,-102.0)
(-4,-10):(-68.0,-102.0)
(-3,-10):(-66.0,-102.0)
(-2,-10):(-64.0,-102.0)
(-1,-10):(-62.0,-102.0)
(0,-10):(-60.0,-102.0)
(1,-10):(-58.0,-102.0)
(2,-10):(-56.0,-102.0)
(3,-10):(-54.0,-102.0)
(4,-10):(-52.0,-102.0)
(5,-10):(-50.0,-102.0)
(6,-10):(-48.0,-102.0)
(7,-10):(-46.0,-102.0)
(8,-10):(-44.0,-102.0)
(9,-10):(-42.0,-102.0)
(10,-10):(-40.0,-102.0)
(11,-10):(-38.0,-102.0)
(12,-10):(-36.0,-102.0)
(13,-10):(-34.0,-102.0)
(14,-10):(-32.0,-102.0)
(15,-10):(-30.0,-102.0)
(16,-10):(-28.0,-102.0)
(17,-10):(-26.0,-102.0)
(18,-10):(-24.0,-102.0)
(19,-10):(-22.0,-102.0)
(20,-10):(-20.0,-102.0)
(21,-10):(-18.0,-102.0)
(22,-10):(-16.0,-102.0)
(23,-10):(-14.0,-102.0)
(24,-10):(-12.0,-102.0)
(25,-10):(-10.0,-102.0)
(26,-10):(-8.0,-102.0)
(27,-10):(-6.0,-102.0)
(28,-10):(-4.0,-102.0)
(29,-10):(-2.0,-102.0)
(30,-10):(0.0,-102.0)
(31,-10):(2.0,-102.0)
(32,-10):(4.0,-102.0)
(33,-10):(6.0,-102.0)
(34,-10):(8.0,-102.0)
(35,-10):(10.0,-102.0)
(36,-10):(12.0,-102.0)
(37,-10):(14.0,-102.0)
(38,-10):(16.0,-102.0)
(39,-10):(18.0,-102.0)
(40,-10):(20.0,-102.0)
(41,-10):(22.0,-102.0)
(42,-10):(24.0,-102.0)
(43,-10):(26.0,-102.0)
(44,-10):(28.0,-102.0)
(45,-10):(30.0,-102.0)
(46,-10):(32.0,-102.0)
(47,-10):(34.0,-102.0)
(48,-10):(36.0,-102.0)
(49,-10):(38.0,-102.0)
(50,-10):(40.0,-102.0)
(51,-10):(42.0,-102.0)
(52,-10):(44.0,-102.0)
(53,-10):(46.0,-102.0)
(54,-10):(48.0,-102.0)
(55,-10):(50.0,-102.0)
(56,-10):(52.0,-102.0)
(57,-10):(54.0,-102.0)
(58,-10):(56.0,-102.0)
(59,-10):(58.0,-102.0)
(60,-10):(60.0,-102.0)
(61,-10):(62.0,-102.0)
(62,-10):(64.0,-102.0)
(63,-10):(66.0,-102.0)
(64,-10):(68.0,-102.0)
(65,-10):(70.0,-102.0)
(66,-10):(72.0,-102.0)
(67,-10):(74.0,-102.0)
(68,-10):(76.0,-102.0)
(69,-10):(78.0,-102.0)
(70,-10):(80.0,-102.0)
(71,-10):(82.0,-102.0)
(72,-10):(84.0,-102.0)
(73,-10):(86.0,-102.0)
(74,-10):(88.0,-102.0)
(75,-10):(90.0,-102.0)
(76,-10):(92.0,-102.0)
(77,-10):(94.0,-102.0)
(78,-10):(96.0,-102.0)
(79,-10):(98.0,-102.0)
(80,-10):(100.0,-102.0)
(81,-10):(102.0,-102.0)
(82,-10):(104.0,-102.0)
(83,-10):(106.0,-102.0)
(84,-10):(108.0,-102.0)
(85,-10):(110.0,-102.0)
(84,-11):(108.0,-104.0)
(83,-11):(106.0,-104.0)
(82,-11):(104.0,-104.0)
(81,-11):(102.0,-104.0)
(80,-11):(100.0,-104.0)
(79,-11):(98.0,-104.0)
(78,-11):(96.0,-104.0)
(77,-11):(94.0,-104.0)
(76,-11):(92.0,-104.0)
(75,-11):(90.0,-104.0)
(74,-11):(88.0,-104.0)
(73,-11):(86.0,-104.0)
(72,-11):(84.0,-104.0)
(71,-11):(82.0,-104.0)
(70,-11):(80.0,-104.0)
(69,-11):(78.0,-104.0)
(68,-11):(76.0,-104.0)
(67,-11):(74.0,-104.0)
(66,-11):(72.0,-104.0)
(65,-11):(70.0,-104.0)
(64,-11):(68.0,-104.0)
(63,-11):(66.0,-104.0)
(62,-11):(64.0,-104.0)
(61,-11):(62.0,-104.0)
(60,-11):(60.0,-104.0)
(59,-11):(58.0,-104.0)
(58,-11):(56.0,-104.0)
(57,-11):(54.0,-104.0)
(56,-11):(52.0,-104.0)
(55,-11):(50.0,-104.0)
(54,-11):(48.0,-104.0)
(53,-11):(46.0,-104.0)
(52,-11):(44.0,-104.0)
(51,-11):(42.0,-104.0)
(50,-11):(40.0,-104.0)
(49,-11):(38.0,-104.0)
(48,-11):(36.0,-104.0)
(47,-11):(34.0,-104.0)
(46,-11):(32.0,-104.0)
(45,-11):(30.0,-104.0)
(44,-11):(28.0,-104.0)
(43,-11):(26.0,-104.0)
(42,-11):(24.0,-104.0)
(41,-11):(22.0,-104.0)
(40,-11):(20.0,-104.0)
(39,-11):(18.0,-104.0)
(38,-11):(16.0,-104.0)
(37,-11):(14.0,-104.0)
(36,-11):(12.0,-104.0)
(35,-11):(10.0,-104.0)
(34,-11):(8.0,-104.0)
(33,-11):(6.0,-104.0)
(32,-11):(4.0,-104.0)
(31,-11):(2.0,-104.0)
(30,-11):(0.0,-104.0)
(29,-11):(-2.0,-104.0)
(28,-11):(-4.0,-104.0)
(27,-11):(-6.0,-104.0)
(26,-11):(-8.0,-104.0)
(25,-11):(-10.0,-104.0)
(24,-11):(-12.0,-104.0)
(23,-11):(-14.0,-104.0)
(22,-11):(-16.0,-104.0)
(21,-11):(-18.0,-104.0)
(20,-11):(-20.0,-104.0)
(19,-11):(-22.0,-104.0)
(18,-11):(-24.0,-104.0)
(17,-11):(-26.0,-104.0)
(16,-11):(-28.0,-104.0)
(15,-11):(-30.0,-104.0)
(14,-11):(-32.0,-104.0)
(13,-11):(-34.0,-104.0)
(12,-11):(-36.0,-104.0)
(11,-11):(-38.0,-104.0)
(10,-11):(-40.0,-104.0)
(9,-11):(-42.0,-104.0)
(8,-11):(-44.0,-104.0)
(7,-11):(-46.0,-104.0)
(6,-11):(-48.0,-104.0)
(5,-11):(-50.0,-104.0)
(4,-11):(-52.0,-104.0)
(3,-11):(-54.0,-104.0)
(2,-11):(-56.0,-104.0)
(1,-11):(-58.0,-104.0)
(0,-11):(-60.0,-104.0)
(-1,-11):(-62.0,-104.0)
(-2,-11):(-64.0,-104.0)
(-3,-11):(-66.0,-104.0)
(-4,-11):(-68.0,-104.0)
(-5,-11):(-70.0,-104.0)
(-6,-11):(-72.0,-104.0)
(-7,-11):(-74.0,-104.0)
(-8,-11):(-76.0,-104.0)
(-9,-11):(-78.0,-104.0)
(-10,-11):(-80.0,-104.0)
(-11,-11):(-82.0,-104.0)
(-12,-11):(-84.0,-104.0)
(-13,-11):(-86.0,-104.0)
(-14,-11):(-88.0,-104.0)
(-15,-11):(-90.0,-104.0)
(-16,-11):(-92.0,-104.0)
(-17,-11):(-94.0,-104.0)
(-18,-11):(-96.0,-104.0)
(-19,-11):(-98.0,-104.0)
(-20,-11):(-100.0,-104.0)
(-21,-11):(-102.0,-104.0)
(-22,-11):(-104.0,-104.0)
(-23,-11):(-106.0,-104.0)
(-24,-11):(-108.0,-104.0)
(-25,-11):(-110.0,-104.0)
(-25,-12):(-110.0,-106.0)
(-24,-12):(-108.0,-106.0)
(-23,-12):(-106.0,-106.0)
(-22,-12):(-104.0,-106.0)
(-21,-12):(-102.0,-106.0)
(-20,-12):(-100.0,-106.0)
(-19,-12):(-98.0,-106.0)
(-18,-12):(-96.0,-106.0)
(-17,-12):(-94.0,-106.0)
(-16,-12):(-92.0,-106.0)
(-15,-12):(-90.0,-106.0)
(-14,-12):(-88.0,-106.0)
(-13,-12):(-86.0,-106.0)
(-12,-12):(-84.0,-106.0)
(-11,-12):(-82.0,-106.0)
(-10,-12):(-80.0,-106.0)
(-9,-12):(-78.0,-106.0)
(-8,-12):(-76.0,-106.0)
(-7,-12):(-74.0,-106.0)
(-6,-12):(-72.0,-106.0)
(-5,-12):(-70.0,-106.0)
(-4,-12):(-68.0,-106.0)
(-3,-12):(-66.0,-106.0)
(-2,-12):(-64.0,-106.0)
(-1,-12):(-62.0,-106.0)
(0,-12):(-60.0,-106.0)
(1,-12):(-58.0,-106.0)
(2,-12):(-56.0,-106.0)
(3,-12):(-54.0,-106.0)
(4,-12):(-52.0,-106.0)
(5,-12):(-50.0,-106.0)
(6,-12):(-48.0,-106.0)
(7,-12):(-46.0,-106.0)
(8,-12):(-44.0,-106.0)
(9,-12):(-42.0,-106.0)
(10,-12):(-40.0,-106.0)
(11,-12):(-38.0,-106.0)
(12,-12):(-36.0,-106.0)
(13,-12):(-34.0,-106.0)
(14,-12):(-32.0,-106.0)
(15,-12):(-30.0,-106.0)
(16,-12):(-28.0,-106.0)
(17,-12):(-26.0,-106.0)
(18,-12):(-24.0,-106.0)
(19,-12):(-22.0,-106.0)
(20,-12):(-20.0,-106.0)
(21,-12):(-18.0,-106.0)
(22,-12):(-16.0,-106.0)
(23,-12):(-14.0,-106.0)
(24,-12):(-12.0,-106.0)
(25,-12):(-10.0,-106.0)
(26,-12):(-8.0,-106.0)
(27,-12):(-6.0,-106.0)
(28,-12):(-4.0,-106.0)
(29,-12):(-2.0,-106.0)
(30,-12):(0.0,-106.0)
(31,-12):(2.0,-106.0)
(32,-12):(4.0,-106.0)
(33,-12):(6.0,-106.0)
(34,-12):(8.0,-106.0)
(35,-12):(10.0,-106.0)
(36,-12):(12.0,-106.0)
(37,-12):(14.0,-106.0)
(38,-12):(16.0,-106.0)
(39,-12):(18.0,-106.0)
(40,-12):(20.0,-106.0)
(41,-12):(22.0,-106.0)
(42,-12):(24.0,-106.0)
(43,-12):(26.0,-106.0)
(44,-12):(28.0,-106.0)
(45,-12):(30.0,-106.0)
(46,-12):(32.0,-106.0)
(47,-12):(34.0,-106.0)
(48,-12):(36.0,-106.0)
(49,-12):(38.0,-106.0)
(50,-12):(40.0,-106.0)
(51,-12):(42.0,-106.0)
(52,-12):(44.0,-106.0)
(53,-12):(46.0,-106.0)
(54,-12):(48.0,-106.0)
(55,-12):(50.0,-106.0)
(56,-12):(52.0,-106.0)
(57,-12):(54.0,-106.0)
(58,-12):(56.0,-106.0)
(59,-12):(58.0,-106.0)
(60,-12):(60.0,-106.0)
(61,-12):(62.0,-106.0)
(62,-12):(64.0,-106.0)
(63,-12):(66.0,-106.0)
(64,-12):(68.0,-106.0)
(65,-12):(70.0,-106.0)
(66,-12):(72.0,-106.0)
(67,-12):(74.0,-106.0)
(68,-12):(76.0,-106.0)
(69,-12):(78.0,-106.0)
(70,-12):(80.0,-106.0)
(71,-12):(82.0,-106.0)
(72,-12):(84.0,-106.0)
(73,-12):(86.0,-106.0)
(74,-12):(88.0,-106.0)
(75,-12):(90.0,-106.0)
(76,-12):(92.0,-106.0)
(77,-12):(94.0,-106.0)
(78,-12):(96.0,-106.0)
(79,-12):(98.0,-106.0)
(80,-12):(100.0,-106.0)
(81,-12):(102.0,-106.0)
(82,-12):(104.0,-106.0)
(83,-12):(106.0,-106.0)
(84,-12):(108.0,-106.0)
(83,-13):(106.0,-108.0)
(82,-13):(104.0,-108.0)
(81,-13):(102.0,-108.0)
(80,-13):(100.0,-108.0)
(79,-13):(98.0,-108.0)
(78,-13):(96.0,-108.0)
(77,-13):(94.0,-108.0)
(76,-13):(92.0,-108.0)
(75,-13):(90.0,-108.0)
(74,-13):(88.0,-108.0)
(73,-13):(86.0,-108.0)
(72,-13):(84.0,-108.0)
(71,-13):(82.0,-108.0)
(70,-13):(80.0,-108.0)
(69,-13):(78.0,-108.0)
(68,-13):(76.0,-108.0)
(67,-13):(74.0,-108.0)
(66,-13):(72.0,-108.0)
(65,-13):(70.0,-108.0)
(64,-13):(68.0,-108.0)
(63,-13):(66.0,-108.0)
(62,-13):(64.0,-108.0)
(61,-13):(62.0,-108.0)
(60,-13):(60.0,-108.0)
(59,-13):(58.0,-108.0)
(58,-13):(56.0,-108.0)
(57,-13):(54.0,-108.0)
(56,-13):(52.0,-108.0)
(55,-13):(50.0,-108.0)
(54,-13):(48.0,-108.0)
(53,-13):(46.0,-108.0)
(52,-13):(44.0,-108.0)
(51,-13):(42.0,-108.0)
(50,-13):(40.0,-108.0)
(49,-13):(38.0,-108.0)
(48,-13):(36.0,-108.0)
(47,-13):(34.0,-108.0)
(46,-13):(32.0,-108.0)
(45,-13):(30.0,-108.0)
(44,-13):(28.0,-108.0)
(43,-13):(26.0,-108.0)
(42,-13):(24.0,-108.0)
(41,-13):(22.0,-108.0)
(40,-13):(20.0,-108.0)
(39,-13):(18.0,-108.0)
(38,-13):(16.0,-108.0)
(37,-13):(14.0,-108.0)
(36,-13):(12.0,-108.0)
(35,-13):(10.0,-108.0)
(34,-13):(8.0,-108.0)
(33,-13):(6.0,-108.0)
(32,-13):(4.0,-108.0)
(31,-13):(2.0,-108.0)
(30,-13):(0.0,-108.0)
(29,-13):(-2.0,-108.0)
(28,-13):(-4.0,-108.0)
(27,-13):(-6.0,-108.0)
(26,-13):(-8.0,-108.0)
(25,-13):(-10.0,-108.0)
(24,-13):(-12.0,-108.0)
(23,-13):(-14.0,-108.0)
(22,-13):(-16.0,-108.0)
(21,-13):(-18.0,-108.0)
(20,-13):(-20.0,-108.0)
(19,-13):(-22.0,-108.0)
(18,-13):(-24.0,-108.0)
(17,-13):(-26.0,-108.0)
(16,-13):(-28.0,-108.0)
(15,-13):(-30.0,-108.0)
(14,-13):(-32.0,-108.0)
(13,-13):(-34.0,-108.0)
(12,-13):(-36.0,-108.0)
(11,-13):(-38.0,-108.0)
(10,-13):(-40.0,-108.0)
(9,-13):(-42.0,-108.0)
(8,-13):(-44.0,-108.0)
(7,-13):(-46.0,-108.0)
(6,-13):(-48.0,-108.0)
(5,-13):(-50.0,-108.0)
(4,-13):(-52.0,-108.0)
(3,-13):(-54.0,-108.0)
(2,-13):(-56.0,-108.0)
(1,-13):(-58.0,-108.0)
(0,-13):(-60.0,-108.0)
(-1,-13):(-62.0,-108.0)
(-2,-13):(-64.0,-108.0)
(-3,-13):(-66.0,-108.0)
(-4,-13):(-68.0,-108.0)
(-5,-13):(-70.0,-108.0)
(-6,-13):(-72.0,-108.0)
(-7,-13):(-74.0,-108.0)
(-8,-13):(-76.0,-108.0)
(-9,-13):(-78.0,-108.0)
(-10,-13):(-80.0,-108.0)
(-11,-13):(-82.0,-108.0)
(-12,-13):(-84.0,-108.0)
(-13,-13):(-86.0,-108.0)
(-14,-13):(-88.0,-108.0)
(-15,-13):(-90.0,-108.0)
(-16,-13):(-92.0,-108.0)
(-17,-13):(-94.0,-108.0)
(-18,-13):(-96.0,-108.0)
(-19,-13):(-98.0,-108.0)
(-20,-13):(-100.0,-108.0)
(-21,-13):(-102.0,-108.0)
(-22,-13):(-104.0,-108.0)
(-23,-13):(-106.0,-108.0)
(-24,-13):(-108.0,-108.0)
(-23,-14):(-106.0,-110.0)
(-22,-14):(-104.0,-110.0)
(-21,-14):(-102.0,-110.0)
(-20,-14):(-100.0,-110.0)
(-19,-14):(-98.0,-110.0)
(-18,-14):(-96.0,-110.0)
(-17,-14):(-94.0,-110.0)
(-16,-14):(-92.0,-110.0)
(-15,-14):(-90.0,-110.0)
(-14,-14):(-88.0,-110.0)
(-13,-14):(-86.0,-110.0)
(-12,-14):(-84.0,-110.0)
(-11,-14):(-82.0,-110.0)
(-10,-14):(-80.0,-110.0)
(-9,-14):(-78.0,-110.0)
(-8,-14):(-76.0,-110.0)
(-7,-14):(-74.0,-110.0)
(-6,-14):(-72.0,-110.0)
(-5,-14):(-70.0,-110.0)
(-4,-14):(-68.0,-110.0)
(-3,-14):(-66.0,-110.0)
(-2,-14):(-64.0,-110.0)
(-1,-14):(-62.0,-110.0)
(0,-14):(-60.0,-110.0)
(1,-14):(-58.0,-110.0)
(2,-14):(-56.0,-110.0)
(3,-14):(-54.0,-110.0)
(4,-14):(-52.0,-110.0)
(5,-14):(-50.0,-110.0)
(6,-14):(-48.0,-110.0)
(7,-14):(-46.0,-110.0)
(8,-14):(-44.0,-110.0)
(9,-14):(-42.0,-110.0)
(10,-14):(-40.0,-110.0)
(11,-14):(-38.0,-110.0)
(12,-14):(-36.0,-110.0)
(13,-14):(-34.0,-110.0)
(14,-14):(-32.0,-110.0)
(15,-14):(-30.0,-110.0)
(16,-14):(-28.0,-110.0)
(17,-14):(-26.0,-110.0)
(18,-14):(-24.0,-110.0)
(19,-14):(-22.0,-110.0)
(20,-14):(-20.0,-110.0)
(21,-14):(-18.0,-110.0)
(22,-14):(-16.0,-110.0)
(23,-14):(-14.0,-110.0)
(24,-14):(-12.0,-110.0)
(25,-14):(-10.0,-110.0)
(26,-14):(-8.0,-110.0)
(27,-14):(-6.0,-110.0)
(28,-14):(-4.0,-110.0)
(29,-14):(-2.0,-110.0)
(30,-14):(0.0,-110.0)
(31,-14):(2.0,-110.0)
(32,-14):(4.0,-110.0)
(33,-14):(6.0,-110.0)
(34,-14):(8.0,-110.0)
(35,-14):(10.0,-110.0)
(36,-14):(12.0,-110.0)
(37,-14):(14.0,-110.0)
(38,-14):(16.0,-110.0)
(39,-14):(18.0,-110.0)
(40,-14):(20.0,-110.0)
(41,-14):(22.0,-110.0)
(42,-14):(24.0,-110.0)
(43,-14):(26.0,-110.0)
(44,-14):(28.0,-110.0)
(45,-14):(30.0,-110.0)
(46,-14):(32.0,-110.0)
(47,-14):(34.0,-110.0)
(48,-14):(36.0,-110.0)
(49,-14):(38.0,-110.0)
(50,-14):(40.0,-110.0)
(51,-14):(42.0,-110.0)
(52,-14):(44.0,-110.0)
(53,-14):(46.0,-110.0)
(54,-14):(48.0,-110.0)
(55,-14):(50.0,-110.0)
(56,-14):(52.0,-110.0)
(57,-14):(54.0,-110.0)
(58,-14):(56.0,-110.0)
(59,-14):(58.0,-110.0)
(60,-14):(60.0,-110.0)
(61,-14):(62.0,-110.0)
(62,-14):(64.0,-110.0)
(63,-14):(66.0,-110.0)
(64,-14):(68.0,-110.0)
(65,-14):(70.0,-110.0)
(66,-14):(72.0,-110.0)
(67,-14):(74.0,-110.0)
(68,-14):(76.0,-110.0)
(69,-14):(78.0,-110.0)
(70,-14):(80.0,-110.0)
(71,-14):(82.0,-110.0)
(72,-14):(84.0,-110.0)
(73,-14):(86.0,-110.0)
(74,-14):(88.0,-110.0)
(75,-14):(90.0,-110.0)
(76,-14):(92.0,-110.0)
(77,-14):(94.0,-110.0)
(78,-14):(96.0,-110.0)
(79,-14):(98.0,-110.0)
(80,-14):(100.0,-110.0)
(81,-14):(102.0,-110.0)
(82,-14):(104.0,-110.0)
(80,-15):(100.0,-112.0)
(79,-15):(98.0,-112.0)
(78,-15):(96.0,-112.0)
(77,-15):(94.0,-112.0)
(76,-15):(92.0,-112.0)
(75,-15):(90.0,-112.0)
(74,-15):(88.0,-112.0)
(73,-15):(86.0,-112.0)
(72,-15):(84.0,-112.0)
(71,-15):(82.0,-112.0)
(70,-15):(80.0,-112.0)
(69,-15):(78.0,-112.0)
(68,-15):(76.0,-112.0)
(67,-15):(74.0,-112.0)
(66,-15):(72.0,-112.0)
(65,-15):(70.0,-112.0)
(64,-15):(68.0,-112.0)
(63,-15):(66.0,-112.0)
(62,-15):(64.0,-112.0)
(61,-15):(62.0,-112.0)
(60,-15):(60.0,-112.0)
(59,-15):(58.0,-112.0)
(58,-15):(56.0,-112.0)
(57,-15):(54.0,-112.0)
(56,-15):(52.0,-112.0)
(55,-15):(50.0,-112.0)
(54,-15):(48.0,-112.0)
(53,-15):(46.0,-112.0)
(52,-15):(44.0,-112.0)
(51,-15):(42.0,-112.0)
(50,-15):(40.0,-112.0)
(49,-15):(38.0,-112.0)
(48,-15):(36.0,-112.0)
(47,-15):(34.0,-112.0)
(46,-15):(32.0,-112.0)
(45,-15):(30.0,-112.0)
(44,-15):(28.0,-112.0)
(43,-15):(26.0,-112.0)
(42,-15):(24.0,-112.0)
(41,-15):(22.0,-112.0)
(40,-15):(20.0,-112.0)
(39,-15):(18.0,-112.0)
(38,-15):(16.0,-112.0)
(37,-15):(14.0,-112.0)
(36,-15):(12.0,-112.0)
(35,-15):(10.0,-112.0)
(34,-15):(8.0,-112.0)
(33,-15):(6.0,-112.0)
(32,-15):(4.0,-112.0)
(31,-15):(2.0,-112.0)
(30,-15):(0.0,-112.0)
(29,-15):(-2.0,-112.0)
(28,-15):(-4.0,-112.0)
(27,-15):(-6.0,-112.0)
(26,-15):(-8.0,-112.0)
(25,-15):(-10.0,-112.0)
(24,-15):(-12.0,-112.0)
(23,-15):(-14.0,-112.0)
(22,-15):(-16.0,-112.0)
(21,-15):(-18.0,-112.0)
(20,-15):(-20.0,-112.0)
(19,-15):(-22.0,-112.0)
(18,-15):(-24.0,-112.0)
(17,-15):(-26.0,-112.0)
(16,-15):(-28.0,-112.0)
(15,-15):(-30.0,-112.0)
(14,-15):(-32.0,-112.0)
(13,-15):(-34.0,-112.0)
(12,-15):(-36.0,-112.0)
(11,-15):(-38.0,-112.0)
(10,-15):(-40.0,-112.0)
(9,-15):(-42.0,-112.0)
(8,-15):(-44.0,-112.0)
(7,-15):(-46.0,-112.0)
(6,-15):(-48.0,-112.0)
(5,-15):(-50.0,-112.0)
(4,-15):(-52.0,-112.0)
(3,-15):(-54.0,-112.0)
(2,-15):(-56.0,-112.0)
(1,-15):(-58.0,-112.0)
(0,-15):(-60.0,-112.0)
(-1,-15):(-62.0,-112.0)
(-2,-15):(-64.0,-112.0)
(-3,-15):(-66.0,-112.0)
(-4,-15):(-68.0,-112.0)
(-5,-15):(-70.0,-112.0)
(-6,-15):(-72.0,-112.0)
(-7,-15):(-74.0,-112.0)
(-8,-15):(-76.0,-112.0)
(-9,-15):(-78.0,-112.0)
(-10,-15):(-80.0,-112.0)
(-11,-15):(-82.0,-112.0)
(-12,-15):(-84.0,-112.0)
(-13,-15):(-86.0,-112.0)
(-14,-15):(-88.0,-112.0)
(-15,-15):(-90.0,-112.0)
(-16,-15):(-92.0,-112.0)
(-17,-15):(-94.0,-112.0)
(-18,-15):(-96.0,-112.0)
(-19,-15):(-98.0,-112.0)
(-20,-15):(-100.0,-112.0)
(-21,-15):(-102.0,-112.0)
(-20,-16):(-100.0,-114.0)
(-19,-16):(-98.0,-114.0)
(-18,-16):(-96.0,-114.0)
(-17,-16):(-94.0,-114.0)
(-16,-16):(-92.0,-114.0)
(-15,-16):(-90.0,-114.0)
(-14,-16):(-88.0,-114.0)
(-13,-16):(-86.0,-114.0)
(-12,-16):(-84.0,-114.0)
(-11,-16):(-82.0,-114.0)
(-10,-16):(-80.0,-114.0)
(-9,-16):(-78.0,-114.0)
(-8,-16):(-76.0,-114.0)
(-7,-16):(-74.0,-114.0)
(-6,-16):(-72.0,-114.0)
(-5,-16):(-70.0,-114.0)
(-4,-16):(-68.0,-114.0)
(-3,-16):(-66.0,-114.0)
(-2,-16):(-64.0,-114.0)
(-1,-16):(-62.0,-114.0)
(0,-16):(-60.0,-114.0)
(1,-16):(-58.0,-114.0)
(2,-16):(-56.0,-114.0)
(3,-16):(-54.0,-114.0)
(4,-16):(-52.0,-114.0)
(5,-16):(-50.0,-114.0)
(6,-16):(-48.0,-114.0)
(7,-16):(-46.0,-114.0)
(8,-16):(-44.0,-114.0)
(9,-16):(-42.0,-114.0)
(10,-16):(-40.0,-114.0)
(11,-16):(-38.0,-114.0)
(12,-16):(-36.0,-114.0)
(13,-16):(-34.0,-114.0)
(14,-16):(-32.0,-114.0)
(15,-16):(-30.0,-114.0)
(16,-16):(-28.0,-114.0)
(17,-16):(-26.0,-114.0)
(18,-16):(-24.0,-114.0)
(19,-16):(-22.0,-114.0)
(20,-16):(-20.0,-114.0)
(21,-16):(-18.0,-114.0)
(22,-16):(-16.0,-114.0)
(23,-16):(-14.0,-114.0)
(24,-16):(-12.0,-114.0)
(25,-16):(-10.0,-114.0)
(26,-16):(-8.0,-114.0)
(27,-16):(-6.0,-114.0)
(28,-16):(-4.0,-114.0)
(29,-16):(-2.0,-114.0)
(30,-16):(0.0,-114.0)
(31,-16):(2.0,-114.0)
(32,-16):(4.0,-114.0)
(33,-16):(6.0,-114.0)
(34,-16):(8.0,-114.0)
(35,-16):(10.0,-114.0)
(36,-16):(12.0,-114.0)
(37,-16):(14.0,-114.0)
(38,-16):(16.0,-114.0)
(39,-16):(18.0,-114.0)
(40,-16):(20.0,-114.0)
(41,-16):(22.0,-114.0)
(42,-16):(24.0,-114.0)
(43,-16):(26.0,-114.0)
(44,-16):(28.0,-114.0)
(45,-16):(30.0,-114.0)
(46,-16):(32.0,-114.0)
(47,-16):(34.0,-114.0)
(48,-16):(36.0,-114.0)
(49,-16):(38.0,-114.0)
(50,-16):(40.0,-114.0)
(51,-16):(42.0,-114.0)
(52,-16):(44.0,-114.0)
(53,-16):(46.0,-114.0)
(54,-16):(48.0,-114.0)
(55,-16):(50.0,-114.0)
(56,-16):(52.0,-114.0)
(57,-16):(54.0,-114.0)
(58,-16):(56.0,-114.0)
(59,-16):(58.0,-114.0)
(60,-16):(60.0,-114.0)
(61,-16):(62.0,-114.0)
(62,-16):(64.0,-114.0)
(63,-16):(66.0,-114.0)
(64,-16):(68.0,-114.0)
(65,-16):(70.0,-114.0)
(66,-16):(72.0,-114.0)
(67,-16):(74.0,-114.0)
(68,-16):(76.0,-114.0)
(69,-16):(78.0,-114.0)
(70,-16):(80.0,-114.0)
(71,-16):(82.0,-114.0)
(72,-16):(84.0,-114.0)
(73,-16):(86.0,-114.0)
(74,-16):(88.0,-114.0)
(75,-16):(90.0,-114.0)
(76,-16):(92.0,-114.0)
(77,-16):(94.0,-114.0)
(78,-16):(96.0,-114.0)
(79,-16):(98.0,-114.0)
(78,-17):(96.0,-116.0)
(77,-17):(94.0,-116.0)
(76,-17):(92.0,-116.0)
(75,-17):(90.0,-116.0)
(74,-17):(88.0,-116.0)
(73,-17):(86.0,-116.0)
(72,-17):(84.0,-116.0)
(71,-17):(82.0,-116.0)
(70,-17):(80.0,-116.0)
(69,-17):(78.0,-116.0)
(68,-17):(76.0,-116.0)
(67,-17):(74.0,-116.0)
(66,-17):(72.0,-116.0)
(65,-17):(70.0,-116.0)
(64,-17):(68.0,-116.0)
(63,-17):(66.0,-116.0)
(62,-17):(64.0,-116.0)
(61,-17):(62.0,-116.0)
(60,-17):(60.0,-116.0)
(59,-17):(58.0,-116.0)
(58,-17):(56.0,-116.0)
(57,-17):(54.0,-116.0)
(56,-17):(52.0,-116.0)
(55,-17):(50.0,-116.0)
(54,-17):(48.0,-116.0)
(53,-17):(46.0,-116.0)
(52,-17):(44.0,-116.0)
(51,-17):(42.0,-116.0)
(50,-17):(40.0,-116.0)
(49,-17):(38.0,-116.0)
(48,-17):(36.0,-116.0)
(47,-17):(34.0,-116.0)
(46,-17):(32.0,-116.0)
(45,-17):(30.0,-116.0)
(44,-17):(28.0,-116.0)
(43,-17):(26.0,-116.0)
(42,-17):(24.0,-116.0)
(41,-17):(22.0,-116.0)
(40,-17):(20.0,-116.0)
(39,-17):(18.0,-116.0)
(38,-17):(16.0,-116.0)
(37,-17):(14.0,-116.0)
(36,-17):(12.0,-116.0)
(35,-17):(10.0,-116.0)
(34,-17):(8.0,-116.0)
(33,-17):(6.0,-116.0)
(32,-17):(4.0,-116.0)
(31,-17):(2.0,-116.0)
(30,-17):(0.0,-116.0)
(29,-17):(-2.0,-116.0)
(28,-17):(-4.0,-116.0)
(27,-17):(-6.0,-116.0)
(26,-17):(-8.0,-116.0)
(25,-17):(-10.0,-116.0)
(24,-17):(-12.0,-116.0)
(23,-17):(-14.0,-116.0)
(22,-17):(-16.0,-116.0)
(21,-17):(-18.0,-116.0)
(20,-17):(-20.0,-116.0)
(19,-17):(-22.0,-116.0)
(18,-17):(-24.0,-116.0)
(17,-17):(-26.0,-116.0)
(16,-17):(-28.0,-116.0)
(15,-17):(-30.0,-116.0)
(14,-17):(-32.0,-116.0)
(13,-17):(-34.0,-116.0)
(12,-17):(-36.0,-116.0)
(11,-17):(-38.0,-116.0)
(10,-17):(-40.0,-116.0)
(9,-17):(-42.0,-116.0)
(8,-17):(-44.0,-116.0)
(7,-17):(-46.0,-116.0)
(6,-17):(-48.0,-116.0)
(5,-17):(-50.0,-116.0)
(4,-17):(-52.0,-116.0)
(3,-17):(-54.0,-116.0)
(2,-17):(-56.0,-116.0)
(1,-17):(-58.0,-116.0)
(0,-17):(-60.0,-116.0)
(-1,-17):(-62.0,-116.0)
(-2,-17):(-64.0,-116.0)
(-3,-17):(-66.0,-116.0)
(-4,-17):(-68.0,-116.0)
(-5,-17):(-70.0,-116.0)
(-6,-17):(-72.0,-116.0)
(-7,-17):(-74.0,-116.0)
(-8,-17):(-76.0,-116.0)
(-9,-17):(-78.0,-116.0)
(-10,-17):(-80.0,-116.0)
(-11,-17):(-82.0,-116.0)
(-12,-17):(-84.0,-116.0)
(-13,-17):(-86.0,-116.0)
(-14,-17):(-88.0,-116.0)
(-15,-17):(-90.0,-116.0)
(-16,-17):(-92.0,-116.0)
(-17,-17):(-94.0,-116.0)
(-18,-17):(-96.0,-116.0)
(-19,-17):(-98.0,-116.0)
(-18,-18):(-96.0,-118.0)
(-17,-18):(-94.0,-118.0)
(-16,-18):(-92.0,-118.0)
(-15,-18):(-90.0,-118.0)
(-14,-18):(-88.0,-118.0)
(-13,-18):(-86.0,-118.0)
(-12,-18):(-84.0,-118.0)
(-11,-18):(-82.0,-118.0)
(-10,-18):(-80.0,-118.0)
(-9,-18):(-78.0,-118.0)
(-8,-18):(-76.0,-118.0)
(-7,-18):(-74.0,-118.0)
(-6,-18):(-72.0,-118.0)
(-5,-18):(-70.0,-118.0)
(-4,-18):(-68.0,-118.0)
(-3,-18):(-66.0,-118.0)
(-2,-18):(-64.0,-118.0)
(-1,-18):(-62.0,-118.0)
(0,-18):(-60.0,-118.0)
(1,-18):(-58.0,-118.0)
(2,-18):(-56.0,-118.0)
(3,-18):(-54.0,-118.0)
(4,-18):(-52.0,-118.0)
(5,-18):(-50.0,-118.0)
(6,-18):(-48.0,-118.0)
(7,-18):(-46.0,-118.0)
(8,-18):(-44.0,-118.0)
(9,-18):(-42.0,-118.0)
(10,-18):(-40.0,-118.0)
(11,-18):(-38.0,-118.0)
(12,-18):(-36.0,-118.0)
(13,-18):(-34.0,-118.0)
(14,-18):(-32.0,-118.0)
(15,-18):(-30.0,-118.0)
(16,-18):(-28.0,-118.0)
(17,-18):(-26.0,-118.0)
(18,-18):(-24.0,-118.0)
(19,-18):(-22.0,-118.0)
(20,-18):(-20.0,-118.0)
(21,-18):(-18.0,-118.0)
(22,-18):(-16.0,-118.0)
(23,-18):(-14.0,-118.0)
(24,-18):(-12.0,-118.0)
(25,-18):(-10.0,-118.0)
(26,-18):(-8.0,-118.0)
(27,-18):(-6.0,-118.0)
(28,-18):(-4.0,-118.0)
(29,-18):(-2.0,-118.0)
(30,-18):(0.0,-118.0)
(31,-18):(2.0,-118.0)
(32,-18):(4.0,-118.0)
(33,-18):(6.0,-118.0)
(34,-18):(8.0,-118.0)
(35,-18):(10.0,-118.0)
(36,-18):(12.0,-118.0)
(37,-18):(14.0,-118.0)
(38,-18):(16.0,-118.0)
(39,-18):(18.0,-118.0)
(40,-18):(20.0,-118.0)
(41,-18):(22.0,-118.0)
(42,-18):(24.0,-118.0)
(43,-18):(26.0,-118.0)
(44,-18):(28.0,-118.0)
(45,-18):(30.0,-118.0)
(46,-18):(32.0,-118.0)
(47,-18):(34.0,-118.0)
(48,-18):(36.0,-118.0)
(49,-18):(38.0,-118.0)
(50,-18):(40.0,-118.0)
(51,-18):(42.0,-118.0)
(52,-18):(44.0,-118.0)
(53,-18):(46.0,-118.0)
(54,-18):(48.0,-118.0)
(55,-18):(50.0,-118.0)
(56,-18):(52.0,-118.0)
(57,-18):(54.0,-118.0)
(58,-18):(56.0,-118.0)
(59,-18):(58.0,-118.0)
(60,-18):(60.0,-118.0)
(61,-18):(62.0,-118.0)
(62,-18):(64.0,-118.0)
(63,-18):(66.0,-118.0)
(64,-18):(68.0,-118.0)
(65,-18):(70.0,-118.0)
(66,-18):(72.0,-118.0)
(67,-18):(74.0,-118.0)
(68,-18):(76.0,-118.0)
(69,-18):(78.0,-118.0)
(70,-18):(80.0,-118.0)
(71,-18):(82.0,-118.0)
(72,-18):(84.0,-118.0)
(73,-18):(86.0,-118.0)
(74,-18):(88.0,-118.0)
(75,-18):(90.0,-118.0)
(76,-18):(92.0,-118.0)
(77,-18):(94.0,-118.0)
(76,-19):(92.0,-120.0)
(75,-19):(90.0,-120.0)
(74,-19):(88.0,-120.0)
(73,-19):(86.0,-120.0)
(72,-19):(84.0,-120.0)
(71,-19):(82.0,-120.0)
(70,-19):(80.0,-120.0)
(69,-19):(78.0,-120.0)
(68,-19):(76.0,-120.0)
(67,-19):(74.0,-120.0)
(66,-19):(72.0,-120.0)
(65,-19):(70.0,-120.0)
(64,-19):(68.0,-120.0)
(63,-19):(66.0,-120.0)
(62,-19):(64.0,-120.0)
(61,-19):(62.0,-120.0)
(60,-19):(60.0,-120.0)
(59,-19):(58.0,-120.0)
(58,-19):(56.0,-120.0)
(57,-19):(54.0,-120.0)
(56,-19):(52.0,-120.0)
(55,-19):(50.0,-120.0)
(54,-19):(48.0,-120.0)
(53,-19):(46.0,-120.0)
(52,-19):(44.0,-120.0)
(51,-19):(42.0,-120.0)
(50,-19):(40.0,-120.0)
(49,-19):(38.0,-120.0)
(48,-19):(36.0,-120.0)
(47,-19):(34.0,-120.0)
(46,-19):(32.0,-120.0)
(45,-19):(30.0,-120.0)
(44,-19):(28.0,-120.0)
(43,-19):(26.0,-120.0)
(42,-19):(24.0,-120.0)
(41,-19):(22.0,-120.0)
(40,-19):(20.0,-120.0)
(39,-19):(18.0,-120.0)
(38,-19):(16.0,-120.0)
(37,-19):(14.0,-120.0)
(36,-19):(12.0,-120.0)
(35,-19):(10.0,-120.0)
(34,-19):(8.0,-120.0)
(33,-19):(6.0,-120.0)
(32,-19):(4.0,-120.0)
(31,-19):(2.0,-120.0)
(30,-19):(0.0,-120.0)
(29,-19):(-2.0,-120.0)
